       3997999.0   7.1818159e-12
       3995998.0   7.1842142e-12
       3993997.0   7.1866240e-12
       3991996.0   7.1890263e-12
       3989995.0   7.1914307e-12
       3987994.0   7.1938371e-12
       3985993.0   7.1962455e-12
       3983992.0   7.1986559e-12
       3981991.0   7.2010684e-12
       3979990.0   7.2034828e-12
       3977989.0   7.2058993e-12
       3975988.0   7.2083178e-12
       3973987.0   7.2107384e-12
       3971986.0   7.2131609e-12
       3969985.0   7.2155855e-12
       3967984.0   7.2180122e-12
       3965983.0   7.2204409e-12
       3963982.0   7.2228716e-12
       3961981.0   7.2253044e-12
       3959980.0   7.2277392e-12
       3957979.0   7.2301761e-12
       3955978.0   7.2326150e-12
       3953977.0   7.2350560e-12
       3951976.0   7.2374991e-12
       3949975.0   7.2399442e-12
       3947974.0   7.2423914e-12
       3945973.0   7.2448406e-12
       3943972.0   7.2472919e-12
       3941971.0   7.2497453e-12
       3939970.0   7.2522008e-12
       3937969.0   7.2546583e-12
       3935968.0   7.2571180e-12
       3933967.0   7.2595797e-12
       3931966.0   7.2620435e-12
       3929965.0   7.2645094e-12
       3927964.0   7.2669774e-12
       3925963.0   7.2694475e-12
       3923962.0   7.2719197e-12
       3921961.0   7.2743939e-12
       3919960.0   7.2768703e-12
       3917959.0   7.2793488e-12
       3915958.0   7.2818295e-12
       3913957.0   7.2843122e-12
       3911956.0   7.2867970e-12
       3909955.0   7.2892840e-12
       3907954.0   7.2917731e-12
       3905953.0   7.2942643e-12
       3903952.0   7.2967576e-12
       3901951.0   7.2992531e-12
       3899950.0   7.3017507e-12
       3897949.0   7.3042505e-12
       3895948.0   7.3067523e-12
       3893947.0   7.3092564e-12
       3891946.0   7.3117625e-12
       3889945.0   7.3142709e-12
       3887944.0   7.3167813e-12
       3885943.0   7.3192939e-12
       3883942.0   7.3218087e-12
       3881941.0   7.3243257e-12
       3879940.0   7.3268448e-12
       3877939.0   7.3293661e-12
       3875938.0   7.3318895e-12
       3873937.0   7.3344151e-12
       3871936.0   7.3369429e-12
       3869935.0   7.3394729e-12
       3867934.0   7.3420050e-12
       3865933.0   7.3445394e-12
       3863932.0   7.3470759e-12
       3861931.0   7.3496146e-12
       3859930.0   7.3521555e-12
       3857929.0   7.3546986e-12
       3855928.0   7.3572439e-12
       3853927.0   7.3597915e-12
       3851926.0   7.3623412e-12
       3849925.0   7.3648931e-12
       3847924.0   7.3674472e-12
       3845923.0   7.3700036e-12
       3843922.0   7.3725621e-12
       3841921.0   7.3751229e-12
       3839920.0   7.3776859e-12
       3837919.0   7.3802512e-12
       3835918.0   7.3828187e-12
       3833917.0   7.3853884e-12
       3831916.0   7.3879603e-12
       3829915.0   7.3905345e-12
       3827914.0   7.3931109e-12
       3825913.0   7.3956896e-12
       3823912.0   7.3982705e-12
       3821911.0   7.4008537e-12
       3819910.0   7.4034391e-12
       3817909.0   7.4060268e-12
       3815908.0   7.4086167e-12
       3813907.0   7.4112090e-12
       3811906.0   7.4138034e-12
       3809905.0   7.4164002e-12
       3807904.0   7.4189992e-12
       3805903.0   7.4216005e-12
       3803902.0   7.4242041e-12
       3801901.0   7.4268100e-12
       3799899.9   7.4294181e-12
       3797898.9   7.4320286e-12
       3795897.9   7.4346413e-12
       3793896.9   7.4372564e-12
       3791895.9   7.4398737e-12
       3789894.9   7.4424933e-12
       3787893.9   7.4451153e-12
       3785892.9   7.4477395e-12
       3783891.9   7.4503661e-12
       3781890.9   7.4529950e-12
       3779889.9   7.4556262e-12
       3777888.9   7.4582597e-12
       3775887.9   7.4608956e-12
       3773886.9   7.4635338e-12
       3771885.9   7.4661743e-12
       3769884.9   7.4688172e-12
       3767883.9   7.4714624e-12
       3765882.9   7.4741099e-12
       3763881.9   7.4767598e-12
       3761880.9   7.4794120e-12
       3759879.9   7.4820666e-12
       3757878.9   7.4847235e-12
       3755877.9   7.4873828e-12
       3753876.9   7.4900445e-12
       3751875.9   7.4927085e-12
       3749874.9   7.4953749e-12
       3747873.9   7.4980437e-12
       3745872.9   7.5007148e-12
       3743871.9   7.5033884e-12
       3741870.9   7.5060643e-12
       3739869.9   7.5087426e-12
       3737868.9   7.5114233e-12
       3735867.9   7.5141063e-12
       3733866.9   7.5167918e-12
       3731865.9   7.5194797e-12
       3729864.9   7.5221700e-12
       3727863.9   7.5248627e-12
       3725862.9   7.5275578e-12
       3723861.9   7.5302553e-12
       3721860.9   7.5329552e-12
       3719859.9   7.5356576e-12
       3717858.9   7.5383623e-12
       3715857.9   7.5410695e-12
       3713856.9   7.5437792e-12
       3711855.9   7.5464912e-12
       3709854.9   7.5492057e-12
       3707853.9   7.5519227e-12
       3705852.9   7.5546421e-12
       3703851.9   7.5573639e-12
       3701850.9   7.5600882e-12
       3699849.9   7.5628150e-12
       3697848.9   7.5655442e-12
       3695847.9   7.5682759e-12
       3693846.9   7.5710100e-12
       3691845.9   7.5737466e-12
       3689844.9   7.5764857e-12
       3687843.9   7.5792272e-12
       3685842.9   7.5819713e-12
       3683841.9   7.5847178e-12
       3681840.9   7.5874668e-12
       3679839.9   7.5902183e-12
       3677838.9   7.5929723e-12
       3675837.9   7.5957288e-12
       3673836.9   7.5984878e-12
       3671835.9   7.6012493e-12
       3669834.9   7.6040134e-12
       3667833.9   7.6067799e-12
       3665832.9   7.6095489e-12
       3663831.9   7.6123205e-12
       3661830.9   7.6150946e-12
       3659829.9   7.6178712e-12
       3657828.9   7.6206504e-12
       3655827.9   7.6234321e-12
       3653826.9   7.6262163e-12
       3651825.9   7.6290031e-12
       3649824.9   7.6317924e-12
       3647823.9   7.6345842e-12
       3645822.9   7.6373787e-12
       3643821.9   7.6401756e-12
       3641820.9   7.6429752e-12
       3639819.9   7.6457773e-12
       3637818.9   7.6485820e-12
       3635817.9   7.6513892e-12
       3633816.9   7.6541990e-12
       3631815.9   7.6570114e-12
       3629814.9   7.6598264e-12
       3627813.9   7.6626440e-12
       3625812.9   7.6654642e-12
       3623811.9   7.6682869e-12
       3621810.9   7.6711123e-12
       3619809.9   7.6739403e-12
       3617808.9   7.6767709e-12
       3615807.9   7.6796040e-12
       3613806.9   7.6824398e-12
       3611805.9   7.6852783e-12
       3609804.9   7.6881193e-12
       3607803.9   7.6909630e-12
       3605802.9   7.6938093e-12
       3603801.9   7.6966582e-12
       3601800.9   7.6995098e-12
       3599799.9   7.7023640e-12
       3597798.9   7.7052208e-12
       3595797.9   7.7080803e-12
       3593796.9   7.7109425e-12
       3591795.9   7.7138073e-12
       3589794.9   7.7166748e-12
       3587793.9   7.7195450e-12
       3585792.9   7.7224178e-12
       3583791.9   7.7252933e-12
       3581790.9   7.7281714e-12
       3579789.9   7.7310523e-12
       3577788.9   7.7339358e-12
       3575787.9   7.7368220e-12
       3573786.9   7.7397110e-12
       3571785.9   7.7426026e-12
       3569784.9   7.7454969e-12
       3567783.9   7.7483939e-12
       3565782.9   7.7512937e-12
       3563781.9   7.7541961e-12
       3561780.9   7.7571013e-12
       3559779.9   7.7600092e-12
       3557778.9   7.7629198e-12
       3555777.9   7.7658331e-12
       3553776.9   7.7687492e-12
       3551775.9   7.7716680e-12
       3549774.9   7.7745896e-12
       3547773.9   7.7775139e-12
       3545772.9   7.7804409e-12
       3543771.9   7.7833707e-12
       3541770.9   7.7863033e-12
       3539769.9   7.7892386e-12
       3537768.9   7.7921767e-12
       3535767.9   7.7951176e-12
       3533766.9   7.7980613e-12
       3531765.9   7.8010077e-12
       3529764.9   7.8039569e-12
       3527763.9   7.8069089e-12
       3525762.9   7.8098637e-12
       3523761.9   7.8128213e-12
       3521760.9   7.8157817e-12
       3519759.9   7.8187449e-12
       3517758.9   7.8217109e-12
       3515757.9   7.8246797e-12
       3513756.9   7.8276513e-12
       3511755.9   7.8306258e-12
       3509754.9   7.8336031e-12
       3507753.9   7.8365832e-12
       3505752.9   7.8395661e-12
       3503751.9   7.8425519e-12
       3501750.9   7.8455406e-12
       3499749.9   7.8485320e-12
       3497748.9   7.8515264e-12
       3495747.9   7.8545236e-12
       3493746.9   7.8575236e-12
       3491745.9   7.8605265e-12
       3489744.9   7.8635323e-12
       3487743.9   7.8665410e-12
       3485742.9   7.8695525e-12
       3483741.9   7.8725670e-12
       3481740.9   7.8755843e-12
       3479739.9   7.8786045e-12
       3477738.9   7.8816276e-12
       3475737.9   7.8846536e-12
       3473736.9   7.8876825e-12
       3471735.9   7.8907143e-12
       3469734.9   7.8937490e-12
       3467733.9   7.8967867e-12
       3465732.9   7.8998273e-12
       3463731.9   7.9028708e-12
       3461730.9   7.9059172e-12
       3459729.9   7.9089666e-12
       3457728.9   7.9120189e-12
       3455727.9   7.9150741e-12
       3453726.9   7.9181323e-12
       3451725.9   7.9211935e-12
       3449724.9   7.9242576e-12
       3447723.9   7.9273247e-12
       3445722.9   7.9303948e-12
       3443721.9   7.9334678e-12
       3441720.9   7.9365438e-12
       3439719.9   7.9396228e-12
       3437718.9   7.9427048e-12
       3435717.9   7.9457898e-12
       3433716.9   7.9488777e-12
       3431715.9   7.9519687e-12
       3429714.9   7.9550627e-12
       3427713.9   7.9581596e-12
       3425712.9   7.9612596e-12
       3423711.9   7.9643627e-12
       3421710.9   7.9674687e-12
       3419709.9   7.9705778e-12
       3417708.9   7.9736899e-12
       3415707.9   7.9768050e-12
       3413706.9   7.9799232e-12
       3411705.9   7.9830445e-12
       3409704.9   7.9861687e-12
       3407703.9   7.9892961e-12
       3405702.9   7.9924265e-12
       3403701.9   7.9955600e-12
       3401700.9   7.9986965e-12
       3399699.8   8.0018362e-12
       3397698.8   8.0049789e-12
       3395697.8   8.0081247e-12
       3393696.8   8.0112736e-12
       3391695.8   8.0144255e-12
       3389694.8   8.0175806e-12
       3387693.8   8.0207388e-12
       3385692.8   8.0239001e-12
       3383691.8   8.0270645e-12
       3381690.8   8.0302321e-12
       3379689.8   8.0334028e-12
       3377688.8   8.0365765e-12
       3375687.8   8.0397535e-12
       3373686.8   8.0429336e-12
       3371685.8   8.0461168e-12
       3369684.8   8.0493031e-12
       3367683.8   8.0524927e-12
       3365682.8   8.0556854e-12
       3363681.8   8.0588812e-12
       3361680.8   8.0620802e-12
       3359679.8   8.0652824e-12
       3357678.8   8.0684878e-12
       3355677.8   8.0716964e-12
       3353676.8   8.0749081e-12
       3351675.8   8.0781231e-12
       3349674.8   8.0813412e-12
       3347673.8   8.0845626e-12
       3345672.8   8.0877872e-12
       3343671.8   8.0910150e-12
       3341670.8   8.0942460e-12
       3339669.8   8.0974802e-12
       3337668.8   8.1007177e-12
       3335667.8   8.1039584e-12
       3333666.8   8.1072023e-12
       3331665.8   8.1104495e-12
       3329664.8   8.1137000e-12
       3327663.8   8.1169537e-12
       3325662.8   8.1202106e-12
       3323661.8   8.1234709e-12
       3321660.8   8.1267344e-12
       3319659.8   8.1300012e-12
       3317658.8   8.1332713e-12
       3315657.8   8.1365446e-12
       3313656.8   8.1398213e-12
       3311655.8   8.1431012e-12
       3309654.8   8.1463845e-12
       3307653.8   8.1496711e-12
       3305652.8   8.1529610e-12
       3303651.8   8.1562542e-12
       3301650.8   8.1595507e-12
       3299649.8   8.1628506e-12
       3297648.8   8.1661538e-12
       3295647.8   8.1694603e-12
       3293646.8   8.1727702e-12
       3291645.8   8.1760835e-12
       3289644.8   8.1794001e-12
       3287643.8   8.1827201e-12
       3285642.8   8.1860434e-12
       3283641.8   8.1893701e-12
       3281640.8   8.1927002e-12
       3279639.8   8.1960337e-12
       3277638.8   8.1993706e-12
       3275637.8   8.2027109e-12
       3273636.8   8.2060546e-12
       3271635.8   8.2094017e-12
       3269634.8   8.2127522e-12
       3267633.8   8.2161061e-12
       3265632.8   8.2194634e-12
       3263631.8   8.2228242e-12
       3261630.8   8.2261884e-12
       3259629.8   8.2295561e-12
       3257628.8   8.2329272e-12
       3255627.8   8.2363018e-12
       3253626.8   8.2396798e-12
       3251625.8   8.2430613e-12
       3249624.8   8.2464462e-12
       3247623.8   8.2498347e-12
       3245622.8   8.2532266e-12
       3243621.8   8.2566220e-12
       3241620.8   8.2600209e-12
       3239619.8   8.2634233e-12
       3237618.8   8.2668292e-12
       3235617.8   8.2702386e-12
       3233616.8   8.2736515e-12
       3231615.8   8.2770680e-12
       3229614.8   8.2804879e-12
       3227613.8   8.2839115e-12
       3225612.8   8.2873385e-12
       3223611.8   8.2907691e-12
       3221610.8   8.2942033e-12
       3219609.8   8.2976410e-12
       3217608.8   8.3010822e-12
       3215607.8   8.3045271e-12
       3213606.8   8.3079755e-12
       3211605.8   8.3114275e-12
       3209604.8   8.3148831e-12
       3207603.8   8.3183422e-12
       3205602.8   8.3218050e-12
       3203601.8   8.3252714e-12
       3201600.8   8.3287414e-12
       3199599.8   8.3322150e-12
       3197598.8   8.3356922e-12
       3195597.8   8.3391731e-12
       3193596.8   8.3426576e-12
       3191595.8   8.3461457e-12
       3189594.8   8.3496375e-12
       3187593.8   8.3531330e-12
       3185592.8   8.3566321e-12
       3183591.8   8.3601348e-12
       3181590.8   8.3636413e-12
       3179589.8   8.3671514e-12
       3177588.8   8.3706652e-12
       3175587.8   8.3741827e-12
       3173586.8   8.3777038e-12
       3171585.8   8.3812287e-12
       3169584.8   8.3847573e-12
       3167583.8   8.3882896e-12
       3165582.8   8.3918257e-12
       3163581.8   8.3953654e-12
       3161580.8   8.3989089e-12
       3159579.8   8.4024562e-12
       3157578.8   8.4060072e-12
       3155577.8   8.4095619e-12
       3153576.8   8.4131204e-12
       3151575.8   8.4166826e-12
       3149574.8   8.4202487e-12
       3147573.8   8.4238185e-12
       3145572.8   8.4273921e-12
       3143571.8   8.4309695e-12
       3141570.8   8.4345507e-12
       3139569.8   8.4381357e-12
       3137568.8   8.4417245e-12
       3135567.8   8.4453171e-12
       3133566.8   8.4489135e-12
       3131565.8   8.4525138e-12
       3129564.8   8.4561179e-12
       3127563.8   8.4597259e-12
       3125562.8   8.4633377e-12
       3123561.8   8.4669533e-12
       3121560.8   8.4705729e-12
       3119559.8   8.4741963e-12
       3117558.8   8.4778235e-12
       3115557.8   8.4814547e-12
       3113556.8   8.4850897e-12
       3111555.8   8.4887287e-12
       3109554.8   8.4923715e-12
       3107553.8   8.4960183e-12
       3105552.8   8.4996689e-12
       3103551.8   8.5033235e-12
       3101550.8   8.5069820e-12
       3099549.8   8.5106445e-12
       3097548.8   8.5143109e-12
       3095547.8   8.5179813e-12
       3093546.8   8.5216556e-12
       3091545.8   8.5253338e-12
       3089544.8   8.5290161e-12
       3087543.8   8.5327023e-12
       3085542.8   8.5363925e-12
       3083541.8   8.5400867e-12
       3081540.8   8.5437849e-12
       3079539.8   8.5474871e-12
       3077538.8   8.5511933e-12
       3075537.8   8.5549036e-12
       3073536.8   8.5586178e-12
       3071535.8   8.5623361e-12
       3069534.8   8.5660585e-12
       3067533.8   8.5697848e-12
       3065532.8   8.5735153e-12
       3063531.8   8.5772498e-12
       3061530.8   8.5809883e-12
       3059529.8   8.5847310e-12
       3057528.8   8.5884777e-12
       3055527.8   8.5922285e-12
       3053526.8   8.5959834e-12
       3051525.8   8.5997424e-12
       3049524.8   8.6035055e-12
       3047523.8   8.6072728e-12
       3045522.8   8.6110442e-12
       3043521.8   8.6148197e-12
       3041520.8   8.6185993e-12
       3039519.8   8.6223831e-12
       3037518.8   8.6261710e-12
       3035517.8   8.6299631e-12
       3033516.8   8.6337594e-12
       3031515.8   8.6375599e-12
       3029514.8   8.6413645e-12
       3027513.8   8.6451733e-12
       3025512.8   8.6489863e-12
       3023511.8   8.6528036e-12
       3021510.8   8.6566250e-12
       3019509.8   8.6604507e-12
       3017508.8   8.6642806e-12
       3015507.8   8.6681147e-12
       3013506.8   8.6719531e-12
       3011505.8   8.6757957e-12
       3009504.8   8.6796426e-12
       3007503.8   8.6834937e-12
       3005502.8   8.6873492e-12
       3003501.8   8.6912089e-12
       3001500.8   8.6950729e-12
       2999499.7   8.6989411e-12
       2997498.7   8.7028137e-12
       2995497.7   8.7066906e-12
       2993496.7   8.7105719e-12
       2991495.7   8.7144574e-12
       2989494.7   8.7183473e-12
       2987493.7   8.7222415e-12
       2985492.7   8.7261401e-12
       2983491.7   8.7300431e-12
       2981490.7   8.7339504e-12
       2979489.7   8.7378620e-12
       2977488.7   8.7417781e-12
       2975487.7   8.7456985e-12
       2973486.7   8.7496234e-12
       2971485.7   8.7535526e-12
       2969484.7   8.7574863e-12
       2967483.7   8.7614244e-12
       2965482.7   8.7653669e-12
       2963481.7   8.7693139e-12
       2961480.7   8.7732653e-12
       2959479.7   8.7772211e-12
       2957478.7   8.7811814e-12
       2955477.7   8.7851462e-12
       2953476.7   8.7891155e-12
       2951475.7   8.7930892e-12
       2949474.7   8.7970674e-12
       2947473.7   8.8010502e-12
       2945472.7   8.8050374e-12
       2943471.7   8.8090292e-12
       2941470.7   8.8130255e-12
       2939469.7   8.8170263e-12
       2937468.7   8.8210317e-12
       2935467.7   8.8250416e-12
       2933466.7   8.8290561e-12
       2931465.7   8.8330751e-12
       2929464.7   8.8370987e-12
       2927463.7   8.8411269e-12
       2925462.7   8.8451597e-12
       2923461.7   8.8491971e-12
       2921460.7   8.8532392e-12
       2919459.7   8.8572858e-12
       2917458.7   8.8613370e-12
       2915457.7   8.8653929e-12
       2913456.7   8.8694535e-12
       2911455.7   8.8735186e-12
       2909454.7   8.8775885e-12
       2907453.7   8.8816630e-12
       2905452.7   8.8857422e-12
       2903451.7   8.8898260e-12
       2901450.7   8.8939146e-12
       2899449.7   8.8980079e-12
       2897448.7   8.9021059e-12
       2895447.7   8.9062086e-12
       2893446.7   8.9103160e-12
       2891445.7   8.9144282e-12
       2889444.7   8.9185451e-12
       2887443.7   8.9226668e-12
       2885442.7   8.9267932e-12
       2883441.7   8.9309244e-12
       2881440.7   8.9350604e-12
       2879439.7   8.9392012e-12
       2877438.7   8.9433468e-12
       2875437.7   8.9474971e-12
       2873436.7   8.9516523e-12
       2871435.7   8.9558124e-12
       2869434.7   8.9599772e-12
       2867433.7   8.9641470e-12
       2865432.7   8.9683215e-12
       2863431.7   8.9725010e-12
       2861430.7   8.9766853e-12
       2859429.7   8.9808744e-12
       2857428.7   8.9850685e-12
       2855427.7   8.9892675e-12
       2853426.7   8.9934714e-12
       2851425.7   8.9976801e-12
       2849424.7   9.0018939e-12
       2847423.7   9.0061125e-12
       2845422.7   9.0103361e-12
       2843421.7   9.0145647e-12
       2841420.7   9.0187982e-12
       2839419.7   9.0230367e-12
       2837418.7   9.0272802e-12
       2835417.7   9.0315286e-12
       2833416.7   9.0357821e-12
       2831415.7   9.0400406e-12
       2829414.7   9.0443041e-12
       2827413.7   9.0485726e-12
       2825412.7   9.0528461e-12
       2823411.7   9.0571248e-12
       2821410.7   9.0614084e-12
       2819409.7   9.0656972e-12
       2817408.7   9.0699910e-12
       2815407.7   9.0742899e-12
       2813406.7   9.0785939e-12
       2811405.7   9.0829030e-12
       2809404.7   9.0872172e-12
       2807403.7   9.0915365e-12
       2805402.7   9.0958610e-12
       2803401.7   9.1001906e-12
       2801400.7   9.1045254e-12
       2799399.7   9.1088654e-12
       2797398.7   9.1132105e-12
       2795397.7   9.1175608e-12
       2793396.7   9.1219163e-12
       2791395.7   9.1262770e-12
       2789394.7   9.1306429e-12
       2787393.7   9.1350140e-12
       2785392.7   9.1393904e-12
       2783391.7   9.1437720e-12
       2781390.7   9.1481589e-12
       2779389.7   9.1525510e-12
       2777388.7   9.1569484e-12
       2775387.7   9.1613511e-12
       2773386.7   9.1657591e-12
       2771385.7   9.1701724e-12
       2769384.7   9.1745910e-12
       2767383.7   9.1790149e-12
       2765382.7   9.1834442e-12
       2763381.7   9.1878788e-12
       2761380.7   9.1923188e-12
       2759379.7   9.1967641e-12
       2757378.7   9.2012148e-12
       2755377.7   9.2056709e-12
       2753376.7   9.2101324e-12
       2751375.7   9.2145993e-12
       2749374.7   9.2190716e-12
       2747373.7   9.2235494e-12
       2745372.7   9.2280326e-12
       2743371.7   9.2325212e-12
       2741370.7   9.2370153e-12
       2739369.7   9.2415149e-12
       2737368.7   9.2460200e-12
       2735367.7   9.2505305e-12
       2733366.7   9.2550466e-12
       2731365.7   9.2595681e-12
       2729364.7   9.2640952e-12
       2727363.7   9.2686279e-12
       2725362.7   9.2731660e-12
       2723361.7   9.2777098e-12
       2721360.7   9.2822591e-12
       2719359.7   9.2868140e-12
       2717358.7   9.2913744e-12
       2715357.7   9.2959405e-12
       2713356.7   9.3005122e-12
       2711355.7   9.3050895e-12
       2709354.7   9.3096725e-12
       2707353.7   9.3142610e-12
       2705352.7   9.3188553e-12
       2703351.7   9.3234552e-12
       2701350.7   9.3280608e-12
       2699349.7   9.3326721e-12
       2697348.7   9.3372891e-12
       2695347.7   9.3419118e-12
       2693346.7   9.3465402e-12
       2691345.7   9.3511744e-12
       2689344.7   9.3558143e-12
       2687343.7   9.3604599e-12
       2685342.7   9.3651114e-12
       2683341.7   9.3697686e-12
       2681340.7   9.3744316e-12
       2679339.7   9.3791004e-12
       2677338.7   9.3837751e-12
       2675337.7   9.3884555e-12
       2673336.7   9.3931418e-12
       2671335.7   9.3978340e-12
       2669334.7   9.4025320e-12
       2667333.7   9.4072359e-12
       2665332.7   9.4119456e-12
       2663331.7   9.4166613e-12
       2661330.7   9.4213829e-12
       2659329.7   9.4261104e-12
       2657328.7   9.4308438e-12
       2655327.7   9.4355832e-12
       2653326.7   9.4403285e-12
       2651325.7   9.4450798e-12
       2649324.7   9.4498371e-12
       2647323.7   9.4546004e-12
       2645322.7   9.4593697e-12
       2643321.7   9.4641450e-12
       2641320.7   9.4689263e-12
       2639319.7   9.4737137e-12
       2637318.7   9.4785072e-12
       2635317.7   9.4833066e-12
       2633316.7   9.4881122e-12
       2631315.7   9.4929239e-12
       2629314.7   9.4977417e-12
       2627313.7   9.5025655e-12
       2625312.7   9.5073956e-12
       2623311.7   9.5122317e-12
       2621310.7   9.5170740e-12
       2619309.7   9.5219225e-12
       2617308.7   9.5267772e-12
       2615307.7   9.5316380e-12
       2613306.7   9.5365050e-12
       2611305.7   9.5413783e-12
       2609304.7   9.5462578e-12
       2607303.7   9.5511435e-12
       2605302.7   9.5560355e-12
       2603301.7   9.5609338e-12
       2601300.7   9.5658383e-12
       2599299.6   9.5707491e-12
       2597298.6   9.5756663e-12
       2595297.6   9.5805897e-12
       2593296.6   9.5855195e-12
       2591295.6   9.5904556e-12
       2589294.6   9.5953981e-12
       2587293.6   9.6003470e-12
       2585292.6   9.6053022e-12
       2583291.6   9.6102639e-12
       2581290.6   9.6152319e-12
       2579289.6   9.6202064e-12
       2577288.6   9.6251873e-12
       2575287.6   9.6301747e-12
       2573286.6   9.6351685e-12
       2571285.6   9.6401688e-12
       2569284.6   9.6451756e-12
       2567283.6   9.6501889e-12
       2565282.6   9.6552087e-12
       2563281.6   9.6602351e-12
       2561280.6   9.6652680e-12
       2559279.6   9.6703074e-12
       2557278.6   9.6753535e-12
       2555277.6   9.6804061e-12
       2553276.6   9.6854653e-12
       2551275.6   9.6905311e-12
       2549274.6   9.6956036e-12
       2547273.6   9.7006827e-12
       2545272.6   9.7057684e-12
       2543271.6   9.7108608e-12
       2541270.6   9.7159599e-12
       2539269.6   9.7210657e-12
       2537268.6   9.7261783e-12
       2535267.6   9.7312975e-12
       2533266.6   9.7364235e-12
       2531265.6   9.7415562e-12
       2529264.6   9.7466957e-12
       2527263.6   9.7518420e-12
       2525262.6   9.7569951e-12
       2523261.6   9.7621550e-12
       2521260.6   9.7673217e-12
       2519259.6   9.7724952e-12
       2517258.6   9.7776756e-12
       2515257.6   9.7828629e-12
       2513256.6   9.7880571e-12
       2511255.6   9.7932581e-12
       2509254.6   9.7984661e-12
       2507253.6   9.8036810e-12
       2505252.6   9.8089029e-12
       2503251.6   9.8141317e-12
       2501250.6   9.8193674e-12
       2499249.6   9.8246102e-12
       2497248.6   9.8298600e-12
       2495247.6   9.8351168e-12
       2493246.6   9.8403806e-12
       2491245.6   9.8456514e-12
       2489244.6   9.8509293e-12
       2487243.6   9.8562143e-12
       2485242.6   9.8615064e-12
       2483241.6   9.8668056e-12
       2481240.6   9.8721120e-12
       2479239.6   9.8774254e-12
       2477238.6   9.8827460e-12
       2475237.6   9.8880738e-12
       2473236.6   9.8934088e-12
       2471235.6   9.8987509e-12
       2469234.6   9.9041003e-12
       2467233.6   9.9094569e-12
       2465232.6   9.9148208e-12
       2463231.6   9.9201919e-12
       2461230.6   9.9255703e-12
       2459229.6   9.9309560e-12
       2457228.6   9.9363490e-12
       2455227.6   9.9417494e-12
       2453226.6   9.9471570e-12
       2451225.6   9.9525721e-12
       2449224.6   9.9579945e-12
       2447223.6   9.9634243e-12
       2445222.6   9.9688615e-12
       2443221.6   9.9743061e-12
       2441220.6   9.9797581e-12
       2439219.6   9.9852177e-12
       2437218.6   9.9906846e-12
       2435217.6   9.9961591e-12
       2433216.6   1.0001641e-11
       2431215.6   1.0007131e-11
       2429214.6   1.0012628e-11
       2427213.6   1.0018132e-11
       2425212.6   1.0023644e-11
       2423211.6   1.0029164e-11
       2421210.6   1.0034691e-11
       2419209.6   1.0040226e-11
       2417208.6   1.0045769e-11
       2415207.6   1.0051319e-11
       2413206.6   1.0056877e-11
       2411205.6   1.0062443e-11
       2409204.6   1.0068016e-11
       2407203.6   1.0073597e-11
       2405202.6   1.0079186e-11
       2403201.6   1.0084783e-11
       2401200.6   1.0090387e-11
       2399199.6   1.0095999e-11
       2397198.6   1.0101619e-11
       2395197.6   1.0107247e-11
       2393196.6   1.0112882e-11
       2391195.6   1.0118526e-11
       2389194.6   1.0124177e-11
       2387193.6   1.0129836e-11
       2385192.6   1.0135503e-11
       2383191.6   1.0141178e-11
       2381190.6   1.0146861e-11
       2379189.6   1.0152552e-11
       2377188.6   1.0158251e-11
       2375187.6   1.0163958e-11
       2373186.6   1.0169673e-11
       2371185.6   1.0175396e-11
       2369184.6   1.0181127e-11
       2367183.6   1.0186866e-11
       2365182.6   1.0192614e-11
       2363181.6   1.0198369e-11
       2361180.6   1.0204133e-11
       2359179.6   1.0209904e-11
       2357178.6   1.0215684e-11
       2355177.6   1.0221472e-11
       2353176.6   1.0227268e-11
       2351175.6   1.0233073e-11
       2349174.6   1.0238885e-11
       2347173.6   1.0244706e-11
       2345172.6   1.0250535e-11
       2343171.6   1.0256373e-11
       2341170.6   1.0262219e-11
       2339169.6   1.0268073e-11
       2337168.6   1.0273935e-11
       2335167.6   1.0279806e-11
       2333166.6   1.0285685e-11
       2331165.6   1.0291573e-11
       2329164.6   1.0297469e-11
       2327163.6   1.0303374e-11
       2325162.6   1.0309287e-11
       2323161.6   1.0315208e-11
       2321160.6   1.0321138e-11
       2319159.6   1.0327077e-11
       2317158.6   1.0333024e-11
       2315157.6   1.0338979e-11
       2313156.6   1.0344944e-11
       2311155.6   1.0350916e-11
       2309154.6   1.0356898e-11
       2307153.6   1.0362888e-11
       2305152.6   1.0368887e-11
       2303151.6   1.0374894e-11
       2301150.6   1.0380910e-11
       2299149.6   1.0386935e-11
       2297148.6   1.0392969e-11
       2295147.6   1.0399011e-11
       2293146.6   1.0405063e-11
       2291145.6   1.0411123e-11
       2289144.6   1.0417191e-11
       2287143.6   1.0423269e-11
       2285142.6   1.0429356e-11
       2283141.6   1.0435451e-11
       2281140.6   1.0441556e-11
       2279139.6   1.0447669e-11
       2277138.6   1.0453791e-11
       2275137.6   1.0459922e-11
       2273136.6   1.0466063e-11
       2271135.6   1.0472212e-11
       2269134.6   1.0478370e-11
       2267133.6   1.0484537e-11
       2265132.6   1.0490714e-11
       2263131.6   1.0496899e-11
       2261130.6   1.0503094e-11
       2259129.6   1.0509298e-11
       2257128.6   1.0515511e-11
       2255127.6   1.0521733e-11
       2253126.6   1.0527964e-11
       2251125.6   1.0534205e-11
       2249124.6   1.0540455e-11
       2247123.6   1.0546714e-11
       2245122.6   1.0552982e-11
       2243121.6   1.0559260e-11
       2241120.6   1.0565547e-11
       2239119.6   1.0571843e-11
       2237118.6   1.0578149e-11
       2235117.6   1.0584465e-11
       2233116.6   1.0590789e-11
       2231115.6   1.0597123e-11
       2229114.6   1.0603467e-11
       2227113.6   1.0609820e-11
       2225112.6   1.0616183e-11
       2223111.6   1.0622555e-11
       2221110.6   1.0628937e-11
       2219109.6   1.0635328e-11
       2217108.6   1.0641729e-11
       2215107.6   1.0648139e-11
       2213106.6   1.0654560e-11
       2211105.6   1.0660990e-11
       2209104.6   1.0667429e-11
       2207103.6   1.0673879e-11
       2205102.6   1.0680338e-11
       2203101.6   1.0686807e-11
       2201100.6   1.0693285e-11
       2199099.5   1.0699774e-11
       2197098.5   1.0706272e-11
       2195097.5   1.0712781e-11
       2193096.5   1.0719299e-11
       2191095.5   1.0725827e-11
       2189094.5   1.0732365e-11
       2187093.5   1.0738913e-11
       2185092.5   1.0745472e-11
       2183091.5   1.0752040e-11
       2181090.5   1.0758619e-11
       2179089.5   1.0765208e-11
       2177088.5   1.0771807e-11
       2175087.5   1.0778417e-11
       2173086.5   1.0785038e-11
       2171085.5   1.0791669e-11
       2169084.5   1.0798312e-11
       2167083.5   1.0804967e-11
       2165082.5   1.0811635e-11
       2163081.5   1.0818315e-11
       2161080.5   1.0825011e-11
       2159079.5   1.0831723e-11
       2157078.5   1.0838454e-11
       2155077.5   1.0845207e-11
       2153076.5   1.0851987e-11
       2151075.5   1.0858800e-11
       2149074.5   1.0865655e-11
       2147073.5   1.0872564e-11
       2145072.5   1.0879545e-11
       2143071.5   1.0886622e-11
       2141070.5   1.0893827e-11
       2139069.5   1.0901206e-11
       2137068.5   1.0908827e-11
       2135067.5   1.0916764e-11
       2133066.5   1.0925160e-11
       2131065.5   1.0934199e-11
       2129064.5   1.0944004e-11
       2127063.5   1.0955120e-11
       2125062.5   1.0967985e-11
       2123061.5   1.0982359e-11
       2121060.5   1.0997490e-11
       2119059.5   1.1012656e-11
       2117058.5   1.1027857e-11
       2115057.5   1.1043094e-11
       2113056.5   1.1058366e-11
       2111055.5   1.1073674e-11
       2109054.5   1.1089018e-11
       2107053.5   1.1104397e-11
       2105052.5   1.1119813e-11
       2103051.5   1.1135264e-11
       2101050.5   1.1150752e-11
       2099049.5   1.1166276e-11
       2097048.5   1.1181837e-11
       2095047.5   1.1197434e-11
       2093046.5   1.1213068e-11
       2091045.5   1.1228738e-11
       2089044.5   1.1244446e-11
       2087043.5   1.1260191e-11
       2085042.5   1.1275972e-11
       2083041.5   1.1291792e-11
       2081040.5   1.1307648e-11
       2079039.5   1.1323542e-11
       2077038.5   1.1339474e-11
       2075037.5   1.1355444e-11
       2073036.5   1.1371451e-11
       2071035.5   1.1387497e-11
       2069034.5   1.1403580e-11
       2067033.5   1.1419703e-11
       2065032.5   1.1435863e-11
       2063031.5   1.1452062e-11
       2061030.5   1.1468300e-11
       2059029.5   1.1484577e-11
       2057028.5   1.1500893e-11
       2055027.5   1.1517247e-11
       2053026.5   1.1533642e-11
       2051025.5   1.1550075e-11
       2049024.5   1.1566548e-11
       2047023.5   1.1583062e-11
       2045022.5   1.1599615e-11
       2043021.5   1.1616208e-11
       2041020.5   1.1632842e-11
       2039019.5   1.1649517e-11
       2037018.5   1.1666234e-11
       2035017.5   1.1682992e-11
       2033016.5   1.1699793e-11
       2031015.5   1.1716638e-11
       2029014.5   1.1733527e-11
       2027013.5   1.1750463e-11
       2025012.5   1.1767448e-11
       2023011.5   1.1784486e-11
       2021010.5   1.1801579e-11
       2019009.5   1.1818735e-11
       2017008.5   1.1835963e-11
       2015007.5   1.1853272e-11
       2013006.5   1.1870679e-11
       2011005.5   1.1888207e-11
       2009004.5   1.1905885e-11
       2007003.5   1.1923756e-11
       2005002.5   1.1941879e-11
       2003001.5   1.1960336e-11
       2001000.5   1.1979239e-11
       1998999.5   1.1998745e-11
       1996998.5   1.2019074e-11
       1994997.5   1.2040529e-11
       1992996.5   1.2063530e-11
       1990995.5   1.2088662e-11
       1988994.5   1.2116745e-11
       1986993.5   1.2148893e-11
       1984992.5   1.2186684e-11
       1982991.5   1.2232337e-11
       1980990.5   1.2288751e-11
       1978989.5   1.2360267e-11
       1976988.5   1.2452953e-11
       1974987.5   1.2573811e-11
       1972986.5   1.2735802e-11
       1970985.5   1.2955373e-11
       1968984.5   1.3245130e-11
       1966983.5   1.3653789e-11
       1964982.5   1.4218699e-11
       1962981.5   1.4929439e-11
       1960980.5   1.5732134e-11
       1958979.5   1.6578875e-11
       1956978.5   1.7472126e-11
       1954977.5   1.8414495e-11
       1952976.5   1.9408737e-11
       1950975.5   2.0457764e-11
       1948974.5   2.1564656e-11
       1946973.5   2.2732670e-11
       1944972.5   2.3965249e-11
       1942971.5   2.5266035e-11
       1940970.5   2.6638876e-11
       1938969.5   2.8087847e-11
       1936968.5   2.9617252e-11
       1934967.5   3.1231648e-11
       1932966.5   3.2935853e-11
       1930965.5   3.4734962e-11
       1928964.5   3.6634368e-11
       1926963.5   3.8639774e-11
       1924962.5   4.0757215e-11
       1922961.5   4.2993073e-11
       1920960.5   4.5354103e-11
       1918959.5   4.7847451e-11
       1916958.5   5.0480679e-11
       1914957.5   5.3261787e-11
       1912956.5   5.6199239e-11
       1910955.5   5.9301992e-11
       1908954.5   6.2579519e-11
       1906953.5   6.6041844e-11
       1904952.5   6.9699566e-11
       1902951.5   7.3563894e-11
       1900950.5   7.7646677e-11
       1898949.5   8.1960433e-11
       1896948.5   8.6518383e-11
       1894947.5   9.1334474e-11
       1892946.5   9.6423407e-11
       1890945.5   1.0180065e-10
       1888944.5   1.0748246e-10
       1886943.5   1.1348586e-10
       1884942.5   1.1982862e-10
       1882941.5   1.2652919e-10
       1880940.5   1.3360663e-10
       1878939.5   1.4108041e-10
       1876938.5   1.4897021e-10
       1874937.5   1.5729548e-10
       1872936.5   1.6607500e-10
       1870935.5   1.7532603e-10
       1868934.5   1.8506313e-10
       1866933.5   1.9529702e-10
       1864932.5   2.0603164e-10
       1862931.5   2.1726092e-10
       1860930.5   2.2896794e-10
       1858929.5   2.4111082e-10
       1856928.5   2.5361822e-10
       1854927.5   2.6640261e-10
       1852926.5   2.7926623e-10
       1850925.5   2.9195477e-10
       1848924.5   3.0427670e-10
       1846923.5   3.1536605e-10
       1844922.5   3.2462132e-10
       1842921.5   3.3221990e-10
       1840920.5   3.3915174e-10
       1838919.5   3.4623591e-10
       1836918.5   3.5347589e-10
       1834917.5   3.6087524e-10
       1832916.5   3.6843757e-10
       1830915.5   3.7616657e-10
       1828914.5   3.8406597e-10
       1826913.5   3.9213955e-10
       1824912.5   4.0039109e-10
       1822911.5   4.0882439e-10
       1820910.5   4.1744317e-10
       1818909.5   4.2625107e-10
       1816908.5   4.3525154e-10
       1814907.5   4.4444772e-10
       1812906.5   4.5384235e-10
       1810905.5   4.6343746e-10
       1808904.5   4.7323413e-10
       1806903.5   4.8323213e-10
       1804902.5   4.9342917e-10
       1802901.5   5.0382020e-10
       1800900.5   5.1439666e-10
       1798899.4   5.2514369e-10
       1796898.4   5.3603922e-10
       1794897.4   5.4705344e-10
       1792896.4   5.5813309e-10
       1790895.4   5.6921258e-10
       1788894.4   5.8021515e-10
       1786893.4   5.9094647e-10
       1784892.4   6.0126670e-10
       1782891.4   6.1103133e-10
       1780890.4   6.1934049e-10
       1778889.4   6.2638054e-10
       1776888.4   6.3236578e-10
       1774887.4   6.3841505e-10
       1772886.4   6.4452912e-10
       1770885.4   6.5070874e-10
       1768884.4   6.5695471e-10
       1766883.4   6.6326780e-10
       1764882.4   6.6964881e-10
       1762881.4   6.7609856e-10
       1760880.4   6.8261786e-10
       1758879.4   6.8920755e-10
       1756878.4   6.9586846e-10
       1754877.4   7.0260146e-10
       1752876.4   7.0940739e-10
       1750875.4   7.1628714e-10
       1748874.4   7.2324159e-10
       1746873.4   7.3027164e-10
       1744872.4   7.3737821e-10
       1742871.4   7.4456220e-10
       1740870.4   7.5182457e-10
       1738869.4   7.5916624e-10
       1736868.4   7.6658819e-10
       1734867.4   7.7409138e-10
       1732866.4   7.8167680e-10
       1730865.4   7.8934545e-10
       1728864.4   7.9709833e-10
       1726863.4   8.0493647e-10
       1724862.4   8.1286092e-10
       1722861.4   8.2087271e-10
       1720860.4   8.2897293e-10
       1718859.4   8.3716264e-10
       1716858.4   8.4544294e-10
       1714857.4   8.5381495e-10
       1712856.4   8.6227978e-10
       1710855.4   8.7083858e-10
       1708854.4   8.7949250e-10
       1706853.4   8.8824271e-10
       1704852.4   8.9709040e-10
       1702851.4   9.0603677e-10
       1700850.4   9.1508304e-10
       1698849.4   9.2423044e-10
       1696848.4   9.3348023e-10
       1694847.4   9.4283367e-10
       1692846.4   9.5229205e-10
       1690845.4   9.6185667e-10
       1688844.4   9.7152886e-10
       1686843.4   9.8130996e-10
       1684842.4   9.9120131e-10
       1682841.4   1.0012043e-09
       1680840.4   1.0113203e-09
       1678839.4   1.0215508e-09
       1676838.4   1.0318972e-09
       1674837.4   1.0423609e-09
       1672836.4   1.0529434e-09
       1670835.4   1.0636462e-09
       1668834.4   1.0744708e-09
       1666833.4   1.0854187e-09
       1664832.4   1.0964916e-09
       1662831.4   1.1076910e-09
       1660830.4   1.1190184e-09
       1658829.4   1.1304756e-09
       1656828.4   1.1420641e-09
       1654827.4   1.1537856e-09
       1652826.4   1.1656419e-09
       1650825.4   1.1776346e-09
       1648824.4   1.1897654e-09
       1646823.4   1.2020362e-09
       1644822.4   1.2144488e-09
       1642821.4   1.2270049e-09
       1640820.4   1.2397065e-09
       1638819.4   1.2525553e-09
       1636818.4   1.2655534e-09
       1634817.4   1.2787027e-09
       1632816.4   1.2920052e-09
       1630815.4   1.3054630e-09
       1628814.4   1.3190782e-09
       1626813.4   1.3328530e-09
       1624812.4   1.3467898e-09
       1622811.4   1.3608909e-09
       1620810.4   1.3751590e-09
       1618809.4   1.3895969e-09
       1616808.4   1.4042077e-09
       1614807.4   1.4189949e-09
       1612806.4   1.4339627e-09
       1610805.4   1.4491158e-09
       1608804.4   1.4644595e-09
       1606803.4   1.4800029e-09
       1604802.4   1.4957531e-09
       1602801.4   1.5117188e-09
       1600800.4   1.5279318e-09
       1598799.4   1.5443877e-09
       1596798.4   1.5610799e-09
       1594797.4   1.5779737e-09
       1592796.4   1.5950719e-09
       1590795.4   1.6123772e-09
       1588794.4   1.6298925e-09
       1586793.4   1.6476204e-09
       1584792.4   1.6655639e-09
       1582791.4   1.6837258e-09
       1580790.4   1.7021092e-09
       1578789.4   1.7207169e-09
       1576788.4   1.7395521e-09
       1574787.4   1.7586177e-09
       1572786.4   1.7779169e-09
       1570785.4   1.7974530e-09
       1568784.4   1.8172289e-09
       1566783.4   1.8372482e-09
       1564782.4   1.8575139e-09
       1562781.4   1.8780295e-09
       1560780.4   1.8987984e-09
       1558779.4   1.9198240e-09
       1556778.4   1.9411098e-09
       1554777.4   1.9626594e-09
       1552776.4   1.9844762e-09
       1550775.4   2.0065640e-09
       1548774.4   2.0289262e-09
       1546773.4   2.0515666e-09
       1544772.4   2.0744889e-09
       1542771.4   2.0976967e-09
       1540770.4   2.1211935e-09
       1538769.4   2.1449829e-09
       1536768.4   2.1690684e-09
       1534767.4   2.1934530e-09
       1532766.4   2.2181396e-09
       1530765.4   2.2431309e-09
       1528764.4   2.2684283e-09
       1526763.4   2.2940329e-09
       1524762.4   2.3199444e-09
       1522761.4   2.3461598e-09
       1520760.4   2.3726749e-09
       1518759.4   2.3994827e-09
       1516758.4   2.4265635e-09
       1514757.4   2.4539042e-09
       1512756.4   2.4814838e-09
       1510755.4   2.5092025e-09
       1508754.4   2.5370899e-09
       1506753.4   2.5651879e-09
       1504752.4   2.5936351e-09
       1502751.4   2.6224363e-09
       1500750.4   2.6515963e-09
       1498749.4   2.6811201e-09
       1496748.4   2.7110128e-09
       1494747.4   2.7412795e-09
       1492746.4   2.7719252e-09
       1490745.4   2.8029554e-09
       1488744.4   2.8343754e-09
       1486743.4   2.8661906e-09
       1484742.4   2.8984064e-09
       1482741.4   2.9310286e-09
       1480740.4   2.9640627e-09
       1478739.4   2.9975146e-09
       1476738.4   3.0313901e-09
       1474737.4   3.0656952e-09
       1472736.4   3.1004359e-09
       1470735.4   3.1356183e-09
       1468734.4   3.1712487e-09
       1466733.4   3.2073334e-09
       1464732.4   3.2438788e-09
       1462731.4   3.2808914e-09
       1460730.4   3.3183779e-09
       1458729.4   3.3563451e-09
       1456728.4   3.3947996e-09
       1454727.4   3.4337485e-09
       1452726.4   3.4731989e-09
       1450725.4   3.5131578e-09
       1448724.4   3.5536326e-09
       1446723.4   3.5946306e-09
       1444722.4   3.6361593e-09
       1442721.4   3.6782264e-09
       1440720.4   3.7208396e-09
       1438719.4   3.7640068e-09
       1436718.4   3.8077359e-09
       1434717.4   3.8520351e-09
       1432716.4   3.8969125e-09
       1430715.4   3.9423766e-09
       1428714.4   3.9884359e-09
       1426713.4   4.0350990e-09
       1424712.4   4.0823746e-09
       1422711.4   4.1302716e-09
       1420710.4   4.1787991e-09
       1418709.4   4.2279663e-09
       1416708.4   4.2777824e-09
       1414707.4   4.3282568e-09
       1412706.4   4.3793991e-09
       1410705.4   4.4312188e-09
       1408704.4   4.4837258e-09
       1406703.4   4.5369299e-09
       1404702.4   4.5908407e-09
       1402701.4   4.6454683e-09
       1400700.4   4.7008221e-09
       1398699.3   4.7569118e-09
       1396698.3   4.8137467e-09
       1394697.3   4.8713353e-09
       1392696.3   4.9296855e-09
       1390695.3   4.9888043e-09
       1388694.3   5.0486964e-09
       1386693.3   5.1093644e-09
       1384692.3   5.1708098e-09
       1382691.3   5.2330224e-09
       1380690.3   5.2959912e-09
       1378689.3   5.3597122e-09
       1376688.3   5.4241036e-09
       1374687.3   5.4891486e-09
       1372686.3   5.5548854e-09
       1370685.3   5.6214463e-09
       1368684.3   5.6889039e-09
       1366683.3   5.7572715e-09
       1364682.3   5.8265627e-09
       1362681.3   5.8967915e-09
       1360680.3   5.9679718e-09
       1358679.3   6.0401181e-09
       1356678.3   6.1132448e-09
       1354677.3   6.1873668e-09
       1352676.3   6.2624991e-09
       1350675.3   6.3386571e-09
       1348674.3   6.4158562e-09
       1346673.3   6.4941123e-09
       1344672.3   6.5734414e-09
       1342671.3   6.6538599e-09
       1340670.3   6.7353844e-09
       1338669.3   6.8180318e-09
       1336668.3   6.9018193e-09
       1334667.3   6.9867642e-09
       1332666.3   7.0728844e-09
       1330665.3   7.1601978e-09
       1328664.3   7.2487227e-09
       1326663.3   7.3384778e-09
       1324662.3   7.4294819e-09
       1322661.3   7.5217542e-09
       1320660.3   7.6153141e-09
       1318659.3   7.7101812e-09
       1316658.3   7.8063755e-09
       1314657.3   7.9039169e-09
       1312656.3   8.0028256e-09
       1310655.3   8.1031218e-09
       1308654.3   8.2048256e-09
       1306653.3   8.3079567e-09
       1304652.3   8.4125344e-09
       1302651.3   8.5185770e-09
       1300650.3   8.6261017e-09
       1298649.3   8.7351232e-09
       1296648.3   8.8456537e-09
       1294647.3   8.9577008e-09
       1292646.3   9.0712655e-09
       1290645.3   9.1863428e-09
       1288644.3   9.3029101e-09
       1286643.3   9.4209298e-09
       1284642.3   9.5403579e-09
       1282641.3   9.6610664e-09
       1280640.3   9.7829252e-09
       1278639.3   9.9058506e-09
       1276638.3   1.0029211e-08
       1274637.3   1.0152859e-08
       1272636.3   1.0276992e-08
       1270635.3   1.0402462e-08
       1268634.3   1.0529665e-08
       1266633.3   1.0658628e-08
       1264632.3   1.0789379e-08
       1262631.3   1.0921944e-08
       1260630.3   1.1056353e-08
       1258629.3   1.1192633e-08
       1256628.3   1.1330813e-08
       1254627.3   1.1470924e-08
       1252626.3   1.1612996e-08
       1250625.3   1.1757058e-08
       1248624.3   1.1903143e-08
       1246623.3   1.2051282e-08
       1244622.3   1.2201507e-08
       1242621.3   1.2353851e-08
       1240620.3   1.2508347e-08
       1238619.3   1.2665030e-08
       1236618.3   1.2823933e-08
       1234617.3   1.2985092e-08
       1232616.3   1.3148543e-08
       1230615.3   1.3314322e-08
       1228614.3   1.3482466e-08
       1226613.3   1.3653013e-08
       1224612.3   1.3826001e-08
       1222611.3   1.4001469e-08
       1220610.3   1.4179456e-08
       1218609.3   1.4360003e-08
       1216608.3   1.4543150e-08
       1214607.3   1.4728940e-08
       1212606.3   1.4917413e-08
       1210605.3   1.5108614e-08
       1208604.3   1.5302584e-08
       1206603.3   1.5499367e-08
       1204602.3   1.5699008e-08
       1202601.3   1.5901550e-08
       1200600.3   1.6107036e-08
       1198599.3   1.6315510e-08
       1196598.3   1.6527014e-08
       1194597.3   1.6741587e-08
       1192596.3   1.6959266e-08
       1190595.3   1.7180084e-08
       1188594.3   1.7404067e-08
       1186593.3   1.7631228e-08
       1184592.3   1.7861581e-08
       1182591.3   1.8095088e-08
       1180590.3   1.8331712e-08
       1178589.3   1.8571446e-08
       1176588.3   1.8813945e-08
       1174587.3   1.9059181e-08
       1172586.3   1.9307311e-08
       1170585.3   1.9558897e-08
       1168584.3   1.9814199e-08
       1166583.3   2.0073281e-08
       1164582.3   2.0336205e-08
       1162581.3   2.0603033e-08
       1160580.3   2.0873831e-08
       1158579.3   2.1148666e-08
       1156578.3   2.1427603e-08
       1154577.3   2.1710713e-08
       1152576.3   2.1998064e-08
       1150575.3   2.2289728e-08
       1148574.3   2.2585777e-08
       1146573.3   2.2886285e-08
       1144572.3   2.3191327e-08
       1142571.3   2.3500980e-08
       1140570.3   2.3815321e-08
       1138569.3   2.4134430e-08
       1136568.3   2.4458387e-08
       1134567.3   2.4787276e-08
       1132566.3   2.5121180e-08
       1130565.3   2.5460185e-08
       1128564.3   2.5804378e-08
       1126563.3   2.6153847e-08
       1124562.3   2.6508683e-08
       1122561.3   2.6868978e-08
       1120560.3   2.7234827e-08
       1118559.3   2.7606324e-08
       1116558.3   2.7983568e-08
       1114557.3   2.8366657e-08
       1112556.3   2.8755693e-08
       1110555.3   2.9150779e-08
       1108554.3   2.9552019e-08
       1106553.3   2.9959520e-08
       1104552.3   3.0373392e-08
       1102551.3   3.0793744e-08
       1100550.3   3.1220688e-08
       1098549.3   3.1654338e-08
       1096548.3   3.2094811e-08
       1094547.3   3.2542221e-08
       1092546.3   3.2996686e-08
       1090545.3   3.3458324e-08
       1088544.3   3.3927252e-08
       1086543.3   3.4403585e-08
       1084542.3   3.4887435e-08
       1082541.3   3.5378909e-08
       1080540.3   3.5878106e-08
       1078539.3   3.6385110e-08
       1076538.3   3.6899989e-08
       1074537.3   3.7422788e-08
       1072536.3   3.7953495e-08
       1070535.3   3.8492076e-08
       1068534.3   3.9038412e-08
       1066533.3   3.9592169e-08
       1064532.3   4.0153149e-08
       1062531.3   4.0720730e-08
       1060530.3   4.1293261e-08
       1058529.3   4.1871376e-08
       1056528.3   4.2456268e-08
       1054527.3   4.3050464e-08
       1052526.3   4.3654129e-08
       1050525.3   4.4267432e-08
       1048524.3   4.4890546e-08
       1046523.3   4.5523648e-08
       1044522.3   4.6166916e-08
       1042521.3   4.6820534e-08
       1040520.3   4.7484690e-08
       1038519.3   4.8159573e-08
       1036518.3   4.8845377e-08
       1034517.3   4.9542302e-08
       1032516.3   5.0250550e-08
       1030515.3   5.0970326e-08
       1028514.3   5.1701841e-08
       1026513.3   5.2445309e-08
       1024512.3   5.3200950e-08
       1022511.3   5.3968986e-08
       1020510.3   5.4749643e-08
       1018509.3   5.5543155e-08
       1016508.3   5.6349756e-08
       1014507.3   5.7169686e-08
       1012506.3   5.8003188e-08
       1010505.3   5.8850509e-08
       1008504.3   5.9711899e-08
       1006503.3   6.0587611e-08
       1004502.3   6.1477897e-08
       1002501.3   6.2383010e-08
       1000500.3   6.3303201e-08
       998499.25   6.4238713e-08
       996498.25   6.5189782e-08
       994497.25   6.6156625e-08
       992496.25   6.7139432e-08
       990495.25   6.8138370e-08
       988494.25   6.9153525e-08
       986493.25   7.0184919e-08
       984492.25   7.1232552e-08
       982491.25   7.2296003e-08
       980490.25   7.3374902e-08
       978489.24   7.4469087e-08
       976488.24   7.5575595e-08
       974487.24   7.6694336e-08
       972486.24   7.7826393e-08
       970485.24   7.8976213e-08
       968484.24   8.0145447e-08
       966483.24   8.1334465e-08
       964482.24   8.2543644e-08
       962481.24   8.3773368e-08
       960480.24   8.5024030e-08
       958479.24   8.6296030e-08
       956478.24   8.7589779e-08
       954477.24   8.8905692e-08
       952476.24   9.0244198e-08
       950475.24   9.1605730e-08
       948474.24   9.2990734e-08
       946473.24   9.4399660e-08
       944472.24   9.5832971e-08
       942471.24   9.7291135e-08
       940470.24   9.8774629e-08
       938469.23   1.0028394e-07
       936468.23   1.0181955e-07
       934467.23   1.0338197e-07
       932466.23   1.0497168e-07
       930465.23   1.0658918e-07
       928464.23   1.0823497e-07
       926463.23   1.0990951e-07
       924462.23   1.1161327e-07
       922461.23   1.1334666e-07
       920460.23   1.1511006e-07
       918459.23   1.1690374e-07
       916458.23   1.1872789e-07
       914457.23   1.2058253e-07
       912456.23   1.2246738e-07
       910455.23   1.2438198e-07
       908454.23   1.2632535e-07
       906453.23   1.2829531e-07
       904452.23   1.3029049e-07
       902451.23   1.3230646e-07
       900450.23   1.3433395e-07
       898449.22   1.3637634e-07
       896448.22   1.3844093e-07
       894447.22   1.4054150e-07
       892446.22   1.4267874e-07
       890445.22   1.4485339e-07
       888444.22   1.4706618e-07
       886443.22   1.4931787e-07
       884442.22   1.5160922e-07
       882441.22   1.5394101e-07
       880440.22   1.5631405e-07
       878439.22   1.5872913e-07
       876438.22   1.6118709e-07
       874437.22   1.6368874e-07
       872436.22   1.6623493e-07
       870435.22   1.6882649e-07
       868434.22   1.7146425e-07
       866433.22   1.7414903e-07
       864432.22   1.7688161e-07
       862431.22   1.7966270e-07
       860430.22   1.8249300e-07
       858429.21   1.8537306e-07
       856428.21   1.8830309e-07
       854427.21   1.9128358e-07
       852426.21   1.9431411e-07
       850425.21   1.9739299e-07
       848424.21   2.0052211e-07
       846423.21   2.0370458e-07
       844422.21   2.0694529e-07
       842421.21   2.1024542e-07
       840420.21   2.1360623e-07
       838419.21   2.1702897e-07
       836418.21   2.2051495e-07
       834417.21   2.2406547e-07
       832416.21   2.2768190e-07
       830415.21   2.3136562e-07
       828414.21   2.3511806e-07
       826413.21   2.3894065e-07
       824412.21   2.4283491e-07
       822411.21   2.4680233e-07
       820410.21   2.5084448e-07
       818409.20   2.5496297e-07
       816408.20   2.5915941e-07
       814407.20   2.6343548e-07
       812406.20   2.6779290e-07
       810405.20   2.7223342e-07
       808404.20   2.7675883e-07
       806403.20   2.8137097e-07
       804402.20   2.8607174e-07
       802401.20   2.9086304e-07
       800400.20   2.9574687e-07
       798399.20   3.0072524e-07
       796398.20   3.0580023e-07
       794397.20   3.1097395e-07
       792396.20   3.1624858e-07
       790395.20   3.2162635e-07
       788394.20   3.2710953e-07
       786393.20   3.3270046e-07
       784392.20   3.3840150e-07
       782391.20   3.4421511e-07
       780390.20   3.5014376e-07
       778389.19   3.5618999e-07
       776388.19   3.6235638e-07
       774387.19   3.6864555e-07
       772386.19   3.7506015e-07
       770385.19   3.8160285e-07
       768384.19   3.8827630e-07
       766383.19   3.9508315e-07
       764382.19   4.0202597e-07
       762381.19   4.0910717e-07
       760380.19   4.1632910e-07
       758379.19   4.2369368e-07
       756378.19   4.3120206e-07
       754377.19   4.3885607e-07
       752376.19   4.4665483e-07
       750375.19   4.5459459e-07
       748374.19   4.6268107e-07
       746373.19   4.7092357e-07
       744372.19   4.7933570e-07
       742371.19   4.8792141e-07
       740370.19   4.9668479e-07
       738369.18   5.0563004e-07
       736368.18   5.1476147e-07
       734367.18   5.2408352e-07
       732366.18   5.3360077e-07
       730365.18   5.4331794e-07
       728364.18   5.5323991e-07
       726363.18   5.6337174e-07
       724362.18   5.7371871e-07
       722361.18   5.8428629e-07
       720360.18   5.9508026e-07
       718359.18   6.0610675e-07
       716358.18   6.1737224e-07
       714357.18   6.2888376e-07
       712356.18   6.4064915e-07
       710355.18   6.5267672e-07
       708354.18   6.6497632e-07
       706353.18   6.7756008e-07
       704352.18   6.9043885e-07
       702351.18   7.0363114e-07
       700350.18   7.1716247e-07
       698349.17   7.3103520e-07
       696348.17   7.4524255e-07
       694347.17   7.5976811e-07
       692346.17   7.7461996e-07
       690345.17   7.8980638e-07
       688344.17   8.0533589e-07
       686343.17   8.2121725e-07
       684342.17   8.3745944e-07
       682341.17   8.5407169e-07
       680340.17   8.7106347e-07
       678339.17   8.8844448e-07
       676338.17   9.0622466e-07
       674337.17   9.2441417e-07
       672336.17   9.4302336e-07
       670335.17   9.6206276e-07
       668334.17   9.8154300e-07
       666333.17   1.0014748e-06
       664332.17   1.0218689e-06
       662331.17   1.0427355e-06
       660330.17   1.0640851e-06
       658329.16   1.0859270e-06
       656328.16   1.1082686e-06
       654327.16   1.1311194e-06
       652326.16   1.1544812e-06
       650325.16   1.1783498e-06
       648324.16   1.2027450e-06
       646323.16   1.2276972e-06
       644322.16   1.2532466e-06
       642321.16   1.2794092e-06
       640320.16   1.3062014e-06
       638319.16   1.3336403e-06
       636318.16   1.3617430e-06
       634317.16   1.3905271e-06
       632316.16   1.4200107e-06
       630315.16   1.4502118e-06
       628314.16   1.4811487e-06
       626313.16   1.5128394e-06
       624312.16   1.5453018e-06
       622311.16   1.5785529e-06
       620310.16   1.6126085e-06
       618309.15   1.6474823e-06
       616308.15   1.6831856e-06
       614307.15   1.7197247e-06
       612306.15   1.7570982e-06
       610305.15   1.7953007e-06
       608304.15   1.8343078e-06
       606303.15   1.8740682e-06
       604302.15   1.9145515e-06
       602301.15   1.9556156e-06
       600300.15   1.9970461e-06
       598299.15   2.0389350e-06
       596298.15   2.0815144e-06
       594297.15   2.1251299e-06
       592296.15   2.1698099e-06
       590295.15   2.2155836e-06
       588294.15   2.2624810e-06
       586293.15   2.3105325e-06
       584292.15   2.3597693e-06
       582291.15   2.4102229e-06
       580290.15   2.4619249e-06
       578289.14   2.5149069e-06
       576288.14   2.5692001e-06
       574287.14   2.6248342e-06
       572286.14   2.6818372e-06
       570285.14   2.7402338e-06
       568284.14   2.8000430e-06
       566283.14   2.8612781e-06
       564282.14   2.9239404e-06
       562281.14   2.9880123e-06
       560280.14   3.0534670e-06
       558279.14   3.1202311e-06
       556278.14   3.1881698e-06
       554277.14   3.2571966e-06
       552276.14   3.3269527e-06
       550275.14   3.3969325e-06
       548274.14   3.4673324e-06
       546273.14   3.5386873e-06
       544272.14   3.6117698e-06
       542271.14   3.6866242e-06
       540270.14   3.7632942e-06
       538269.13   3.8418226e-06
       536268.13   3.9222502e-06
       534267.13   4.0046142e-06
       532266.13   4.0889469e-06
       530265.13   4.1752723e-06
       528264.13   4.2636015e-06
       526263.13   4.3539316e-06
       524262.13   4.4462327e-06
       522261.13   4.5404327e-06
       520260.13   4.6364389e-06
       518259.13   4.7340526e-06
       516258.13   4.8329447e-06
       514257.13   4.9328911e-06
       512256.13   5.0330512e-06
       510255.13   5.1323066e-06
       508254.13   5.2310558e-06
       506253.13   5.3304625e-06
       504252.13   5.4321634e-06
       502251.13   5.5362206e-06
       500250.13   5.6426984e-06
       498249.12   5.7516625e-06
       496248.12   5.8631809e-06
       494247.12   5.9773233e-06
       492246.12   6.0941614e-06
       490245.12   6.2137687e-06
       488244.12   6.3362205e-06
       486243.12   6.4615935e-06
       484242.12   6.5899658e-06
       482241.12   6.7214165e-06
       480240.12   6.8560246e-06
       478239.12   6.9938688e-06
       476238.12   7.1350258e-06
       474237.12   7.2795683e-06
       472236.12   7.4275635e-06
       470235.12   7.5790680e-06
       468234.12   7.7341235e-06
       466233.12   7.8927525e-06
       464232.12   8.0549409e-06
       462231.12   8.2206303e-06
       460230.12   8.3897186e-06
       458229.11   8.5619617e-06
       456228.11   8.7370239e-06
       454227.11   8.9145309e-06
       452226.11   9.0933739e-06
       450225.11   9.2726555e-06
       448224.11   9.4517589e-06
       446223.11   9.6251539e-06
       444222.11   9.7931977e-06
       442221.11   9.9569446e-06
       440220.11   1.0123292e-05
       438219.11   1.0293196e-05
       436218.11   1.0466751e-05
       434217.11   1.0644053e-05
       432216.11   1.0825199e-05
       430215.11   1.1010293e-05
       428214.11   1.1199438e-05
       426213.11   1.1392743e-05
       424212.11   1.1590320e-05
       422211.11   1.1792284e-05
       420210.11   1.1998754e-05
       418209.10   1.2209853e-05
       416208.10   1.2425707e-05
       414207.10   1.2646448e-05
       412206.10   1.2872209e-05
       410205.10   1.3103131e-05
       408204.10   1.3339357e-05
       406203.10   1.3581035e-05
       404202.10   1.3828320e-05
       402201.10   1.4081368e-05
       400200.10   1.4340344e-05
       398199.10   1.4605415e-05
       396198.10   1.4876755e-05
       394197.10   1.5154542e-05
       392196.10   1.5438960e-05
       390195.10   1.5730198e-05
       388194.10   1.6028447e-05
       386193.10   1.6333906e-05
       384192.10   1.6646773e-05
       382191.10   1.6967249e-05
       380190.10   1.7295535e-05
       378189.09   1.7631828e-05
       376188.09   1.7976317e-05
       374187.09   1.8329176e-05
       372186.09   1.8690561e-05
       370185.09   1.9060589e-05
       368184.09   1.9439327e-05
       366183.09   1.9826776e-05
       364182.09   2.0222815e-05
       362181.09   2.0627172e-05
       360180.09   2.1039432e-05
       358179.09   2.1458698e-05
       356178.09   2.1883777e-05
       354177.09   2.2313353e-05
       352176.09   2.2743611e-05
       350175.09   2.3171537e-05
       348174.09   2.3595041e-05
       346173.09   2.3995289e-05
       344172.09   2.4374024e-05
       342171.09   2.4734653e-05
       340170.09   2.5100473e-05
       338169.08   2.5473915e-05
       336168.08   2.5855185e-05
       334167.08   2.6244496e-05
       332166.08   2.6642066e-05
       330165.08   2.7048123e-05
       328164.08   2.7462900e-05
       326163.08   2.7886641e-05
       324162.08   2.8319595e-05
       322161.08   2.8762023e-05
       320160.08   2.9214191e-05
       318159.08   2.9676379e-05
       316158.08   3.0148872e-05
       314157.08   3.0631969e-05
       312156.08   3.1125976e-05
       310155.08   3.1631213e-05
       308154.08   3.2148009e-05
       306153.08   3.2676705e-05
       304152.08   3.3217655e-05
       302151.08   3.3771224e-05
       300150.08   3.4337791e-05
       298149.07   3.4917748e-05
       296148.07   3.5511499e-05
       294147.07   3.6119461e-05
       292146.07   3.6742065e-05
       290145.07   3.7379753e-05
       288144.07   3.8032978e-05
       286143.07   3.8702205e-05
       284142.07   3.9387901e-05
       282141.07   4.0090539e-05
       280140.07   4.0810588e-05
       278139.07   4.1548504e-05
       276138.07   4.2304721e-05
       274137.07   4.3079628e-05
       272136.07   4.3873552e-05
       270135.07   4.4686717e-05
       268134.07   4.5519192e-05
       266133.07   4.6370860e-05
       264132.07   4.7241239e-05
       262131.07   4.8129416e-05
       260130.07   4.9034061e-05
       258129.06   4.9952427e-05
       256128.06   5.0880926e-05
       254127.06   5.1815630e-05
       252126.06   5.2745198e-05
       250125.06   5.3660897e-05
       248124.06   5.4556652e-05
       246123.06   5.5376526e-05
       244122.06   5.6127319e-05
       242121.06   5.6818792e-05
       240120.06   5.7519877e-05
       238119.06   5.8235610e-05
       236118.06   5.8966426e-05
       234117.06   5.9712776e-05
       232116.06   6.0475127e-05
       230115.06   6.1253965e-05
       228114.06   6.2049797e-05
       226113.06   6.2863147e-05
       224112.06   6.3694563e-05
       222111.06   6.4544612e-05
       220110.06   6.5413888e-05
       218109.05   6.6303007e-05
       216108.05   6.7212611e-05
       214107.05   6.8143368e-05
       212106.05   6.9095977e-05
       210105.05   7.0071163e-05
       208104.05   7.1069685e-05
       206103.05   7.2092333e-05
       204102.05   7.3139931e-05
       202101.05   7.4213338e-05
       200100.05   7.5313452e-05
       198099.05   7.6441208e-05
       196098.05   7.7597580e-05
       194097.05   7.8783582e-05
       192096.05   8.0000271e-05
       190095.05   8.1248742e-05
       188094.05   8.2530131e-05
       186093.05   8.3845610e-05
       184092.05   8.5196383e-05
       182091.05   8.6583679e-05
       180090.05   8.8008737e-05
       178089.04   8.9472792e-05
       176088.04   9.0977049e-05
       174087.04   9.2522638e-05
       172086.04   9.4110576e-05
       170085.04   9.5741667e-05
       168084.04   9.7416403e-05
       166083.04   9.9134877e-05
       164082.04   0.00010089638
       162081.04   0.00010269927
       160080.04   0.00010454097
       158079.04   0.00010641569
       156078.04   0.00010831579
       154077.04   0.00011023289
       152076.04   0.00011214145
       150075.04   0.00011402239
       148074.04   0.00011586250
       146073.04   0.00011753285
       144072.04   0.00011905255
       142071.04   0.00012044324
       140070.04   0.00012186377
       138069.03   0.00012332181
       136068.03   0.00012481885
       134067.03   0.00012635643
       132066.03   0.00012793611
       130065.03   0.00012955952
       128064.03   0.00013122828
       126063.03   0.00013294398
       124062.03   0.00013470817
       122061.03   0.00013652224
       120060.03   0.00013838736
       118059.03   0.00014030432
       116058.03   0.00014227342
       114057.03   0.00014429399
       112056.03   0.00014636415
       110055.03   0.00014848089
       108054.03   0.00015063706
       106053.03   0.00015282318
       104052.03   0.00015502889
       102051.03   0.00015722144
       100050.03   0.00015937682
       98049.025   0.00016147865
       96048.024   0.00016335900
       94047.024   0.00016504553
       92046.023   0.00016656654
       90045.023   0.00016812999
       88044.022   0.00016974376
       86043.022   0.00017141046
       84042.021   0.00017313287
       82041.021   0.00017491387
       80040.020   0.00017675641
       78039.020   0.00017866348
       76038.019   0.00018063802
       74037.019   0.00018268278
       72036.018   0.00018480020
       70035.018   0.00018699205
       68034.017   0.00018925909
       66033.017   0.00019160078
       64032.016   0.00019401377
       62031.016   0.00019649142
       60030.015   0.00019902389
       58029.015   0.00020158945
       56028.014   0.00020415971
       54027.014   0.00020670360
       52026.013   0.00020912545
       50025.013   0.00021135434
       48024.012   0.00021333976
       46023.012   0.00021459468


