       5997074.6   5.4800778e-12
       5994149.2   5.4818614e-12
       5991223.8   5.4836533e-12
       5988298.4   5.4854398e-12
       5985373.0   5.4872278e-12
       5982447.6   5.4890172e-12
       5979522.2   5.4908081e-12
       5976596.8   5.4926005e-12
       5973671.4   5.4943943e-12
       5970746.0   5.4961896e-12
       5967820.6   5.4979864e-12
       5964895.2   5.4997846e-12
       5961969.8   5.5015843e-12
       5959044.4   5.5033855e-12
       5956119.0   5.5051882e-12
       5953193.6   5.5069923e-12
       5950268.2   5.5087979e-12
       5947342.8   5.5106050e-12
       5944417.4   5.5124135e-12
       5941492.0   5.5142236e-12
       5938566.6   5.5160351e-12
       5935641.2   5.5178481e-12
       5932715.7   5.5196626e-12
       5929790.3   5.5214787e-12
       5926864.9   5.5232962e-12
       5923939.5   5.5251152e-12
       5921014.1   5.5269356e-12
       5918088.7   5.5287576e-12
       5915163.3   5.5305811e-12
       5912237.9   5.5324061e-12
       5909312.5   5.5342326e-12
       5906387.1   5.5360607e-12
       5903461.7   5.5378902e-12
       5900536.3   5.5397212e-12
       5897610.9   5.5415538e-12
       5894685.5   5.5433878e-12
       5891760.1   5.5452234e-12
       5888834.7   5.5470605e-12
       5885909.3   5.5488991e-12
       5882983.9   5.5507393e-12
       5880058.5   5.5525810e-12
       5877133.1   5.5544242e-12
       5874207.7   5.5562689e-12
       5871282.3   5.5581152e-12
       5868356.9   5.5599630e-12
       5865431.5   5.5618123e-12
       5862506.1   5.5636632e-12
       5859580.7   5.5655156e-12
       5856655.3   5.5673695e-12
       5853729.9   5.5692250e-12
       5850804.5   5.5710821e-12
       5847879.1   5.5729407e-12
       5844953.7   5.5748008e-12
       5842028.3   5.5766625e-12
       5839102.9   5.5785258e-12
       5836177.5   5.5803906e-12
       5833252.1   5.5822570e-12
       5830326.7   5.5841249e-12
       5827401.3   5.5859944e-12
       5824475.9   5.5878654e-12
       5821550.5   5.5897381e-12
       5818625.1   5.5916123e-12
       5815699.7   5.5934880e-12
       5812774.3   5.5953654e-12
       5809848.9   5.5972443e-12
       5806923.5   5.5991248e-12
       5803998.0   5.6010068e-12
       5801072.6   5.6028905e-12
       5798147.2   5.6047757e-12
       5795221.8   5.6066626e-12
       5792296.4   5.6085510e-12
       5789371.0   5.6104410e-12
       5786445.6   5.6123326e-12
       5783520.2   5.6142258e-12
       5780594.8   5.6161206e-12
       5777669.4   5.6180169e-12
       5774744.0   5.6199149e-12
       5771818.6   5.6218145e-12
       5768893.2   5.6237157e-12
       5765967.8   5.6256185e-12
       5763042.4   5.6275229e-12
       5760117.0   5.6294290e-12
       5757191.6   5.6313366e-12
       5754266.2   5.6332459e-12
       5751340.8   5.6351567e-12
       5748415.4   5.6370692e-12
       5745490.0   5.6389834e-12
       5742564.6   5.6408991e-12
       5739639.2   5.6428165e-12
       5736713.8   5.6447355e-12
       5733788.4   5.6466561e-12
       5730863.0   5.6485784e-12
       5727937.6   5.6505023e-12
       5725012.2   5.6524278e-12
       5722086.8   5.6543550e-12
       5719161.4   5.6562839e-12
       5716236.0   5.6582143e-12
       5713310.6   5.6601465e-12
       5710385.2   5.6620802e-12
       5707459.8   5.6640156e-12
       5704534.4   5.6659527e-12
       5701609.0   5.6678915e-12
       5698683.6   5.6698319e-12
       5695758.2   5.6717739e-12
       5692832.8   5.6737176e-12
       5689907.4   5.6756630e-12
       5686982.0   5.6776101e-12
       5684056.6   5.6795588e-12
       5681131.2   5.6815092e-12
       5678205.8   5.6834612e-12
       5675280.4   5.6854150e-12
       5672354.9   5.6873704e-12
       5669429.5   5.6893275e-12
       5666504.1   5.6912863e-12
       5663578.7   5.6932468e-12
       5660653.3   5.6952090e-12
       5657727.9   5.6971728e-12
       5654802.5   5.6991384e-12
       5651877.1   5.7011056e-12
       5648951.7   5.7030746e-12
       5646026.3   5.7050452e-12
       5643100.9   5.7070176e-12
       5640175.5   5.7089916e-12
       5637250.1   5.7109674e-12
       5634324.7   5.7129449e-12
       5631399.3   5.7149240e-12
       5628473.9   5.7169049e-12
       5625548.5   5.7188876e-12
       5622623.1   5.7208719e-12
       5619697.7   5.7228579e-12
       5616772.3   5.7248457e-12
       5613846.9   5.7268352e-12
       5610921.5   5.7288265e-12
       5607996.1   5.7308194e-12
       5605070.7   5.7328141e-12
       5602145.3   5.7348106e-12
       5599219.9   5.7368087e-12
       5596294.5   5.7388087e-12
       5593369.1   5.7408103e-12
       5590443.7   5.7428137e-12
       5587518.3   5.7448189e-12
       5584592.9   5.7468258e-12
       5581667.5   5.7488345e-12
       5578742.1   5.7508449e-12
       5575816.7   5.7528570e-12
       5572891.3   5.7548710e-12
       5569965.9   5.7568867e-12
       5567040.5   5.7589041e-12
       5564115.1   5.7609234e-12
       5561189.7   5.7629444e-12
       5558264.3   5.7649671e-12
       5555338.9   5.7669917e-12
       5552413.5   5.7690180e-12
       5549488.1   5.7710461e-12
       5546562.7   5.7730760e-12
       5543637.3   5.7751077e-12
       5540711.8   5.7771411e-12
       5537786.4   5.7791764e-12
       5534861.0   5.7812134e-12
       5531935.6   5.7832523e-12
       5529010.2   5.7852929e-12
       5526084.8   5.7873354e-12
       5523159.4   5.7893796e-12
       5520234.0   5.7914257e-12
       5517308.6   5.7934735e-12
       5514383.2   5.7955232e-12
       5511457.8   5.7975747e-12
       5508532.4   5.7996280e-12
       5505607.0   5.8016831e-12
       5502681.6   5.8037400e-12
       5499756.2   5.8057988e-12
       5496830.8   5.8078594e-12
       5493905.4   5.8099218e-12
       5490980.0   5.8119860e-12
       5488054.6   5.8140521e-12
       5485129.2   5.8161200e-12
       5482203.8   5.8181898e-12
       5479278.4   5.8202614e-12
       5476353.0   5.8223348e-12
       5473427.6   5.8244101e-12
       5470502.2   5.8264873e-12
       5467576.8   5.8285663e-12
       5464651.4   5.8306471e-12
       5461726.0   5.8327298e-12
       5458800.6   5.8348144e-12
       5455875.2   5.8369008e-12
       5452949.8   5.8389891e-12
       5450024.4   5.8410793e-12
       5447099.0   5.8431713e-12
       5444173.6   5.8452652e-12
       5441248.2   5.8473610e-12
       5438322.8   5.8494587e-12
       5435397.4   5.8515582e-12
       5432472.0   5.8536597e-12
       5429546.6   5.8557630e-12
       5426621.2   5.8578682e-12
       5423695.8   5.8599753e-12
       5420770.4   5.8620843e-12
       5417845.0   5.8641952e-12
       5414919.6   5.8663080e-12
       5411994.1   5.8684227e-12
       5409068.7   5.8705393e-12
       5406143.3   5.8726578e-12
       5403217.9   5.8747782e-12
       5400292.5   5.8769006e-12
       5397367.1   5.8790248e-12
       5394441.7   5.8811510e-12
       5391516.3   5.8832791e-12
       5388590.9   5.8854091e-12
       5385665.5   5.8875411e-12
       5382740.1   5.8896750e-12
       5379814.7   5.8918108e-12
       5376889.3   5.8939486e-12
       5373963.9   5.8960883e-12
       5371038.5   5.8982299e-12
       5368113.1   5.9003735e-12
       5365187.7   5.9025190e-12
       5362262.3   5.9046665e-12
       5359336.9   5.9068159e-12
       5356411.5   5.9089673e-12
       5353486.1   5.9111207e-12
       5350560.7   5.9132760e-12
       5347635.3   5.9154333e-12
       5344709.9   5.9175925e-12
       5341784.5   5.9197538e-12
       5338859.1   5.9219170e-12
       5335933.7   5.9240821e-12
       5333008.3   5.9262493e-12
       5330082.9   5.9284184e-12
       5327157.5   5.9305895e-12
       5324232.1   5.9327626e-12
       5321306.7   5.9349377e-12
       5318381.3   5.9371148e-12
       5315455.9   5.9392939e-12
       5312530.5   5.9414750e-12
       5309605.1   5.9436581e-12
       5306679.7   5.9458432e-12
       5303754.3   5.9480303e-12
       5300828.9   5.9502194e-12
       5297903.5   5.9524106e-12
       5294978.1   5.9546037e-12
       5292052.7   5.9567989e-12
       5289127.3   5.9589961e-12
       5286201.9   5.9611953e-12
       5283276.5   5.9633966e-12
       5280351.0   5.9655999e-12
       5277425.6   5.9678052e-12
       5274500.2   5.9700125e-12
       5271574.8   5.9722219e-12
       5268649.4   5.9744334e-12
       5265724.0   5.9766469e-12
       5262798.6   5.9788624e-12
       5259873.2   5.9810800e-12
       5256947.8   5.9832997e-12
       5254022.4   5.9855214e-12
       5251097.0   5.9877452e-12
       5248171.6   5.9899710e-12
       5245246.2   5.9921990e-12
       5242320.8   5.9944289e-12
       5239395.4   5.9966610e-12
       5236470.0   5.9988951e-12
       5233544.6   6.0011314e-12
       5230619.2   6.0033697e-12
       5227693.8   6.0056101e-12
       5224768.4   6.0078526e-12
       5221843.0   6.0100971e-12
       5218917.6   6.0123438e-12
       5215992.2   6.0145926e-12
       5213066.8   6.0168435e-12
       5210141.4   6.0190965e-12
       5207216.0   6.0213516e-12
       5204290.6   6.0236088e-12
       5201365.2   6.0258681e-12
       5198439.8   6.0281296e-12
       5195514.4   6.0303931e-12
       5192589.0   6.0326588e-12
       5189663.6   6.0349266e-12
       5186738.2   6.0371966e-12
       5183812.8   6.0394687e-12
       5180887.4   6.0417429e-12
       5177962.0   6.0440193e-12
       5175036.6   6.0462978e-12
       5172111.2   6.0485785e-12
       5169185.8   6.0508613e-12
       5166260.4   6.0531462e-12
       5163335.0   6.0554334e-12
       5160409.6   6.0577227e-12
       5157484.2   6.0600141e-12
       5154558.8   6.0623077e-12
       5151633.3   6.0646035e-12
       5148707.9   6.0669015e-12
       5145782.5   6.0692016e-12
       5142857.1   6.0715039e-12
       5139931.7   6.0738085e-12
       5137006.3   6.0761151e-12
       5134080.9   6.0784240e-12
       5131155.5   6.0807351e-12
       5128230.1   6.0830484e-12
       5125304.7   6.0853639e-12
       5122379.3   6.0876816e-12
       5119453.9   6.0900014e-12
       5116528.5   6.0923235e-12
       5113603.1   6.0946479e-12
       5110677.7   6.0969744e-12
       5107752.3   6.0993031e-12
       5104826.9   6.1016341e-12
       5101901.5   6.1039673e-12
       5098976.1   6.1063028e-12
       5096050.7   6.1086404e-12
       5093125.3   6.1109803e-12
       5090199.9   6.1133225e-12
       5087274.5   6.1156669e-12
       5084349.1   6.1180135e-12
       5081423.7   6.1203624e-12
       5078498.3   6.1227136e-12
       5075572.9   6.1250670e-12
       5072647.5   6.1274227e-12
       5069722.1   6.1297806e-12
       5066796.7   6.1321408e-12
       5063871.3   6.1345033e-12
       5060945.9   6.1368680e-12
       5058020.5   6.1392351e-12
       5055095.1   6.1416044e-12
       5052169.7   6.1439760e-12
       5049244.3   6.1463499e-12
       5046318.9   6.1487261e-12
       5043393.5   6.1511046e-12
       5040468.1   6.1534854e-12
       5037542.7   6.1558685e-12
       5034617.3   6.1582539e-12
       5031691.9   6.1606416e-12
       5028766.5   6.1630316e-12
       5025841.1   6.1654239e-12
       5022915.7   6.1678186e-12
       5019990.2   6.1702156e-12
       5017064.8   6.1726149e-12
       5014139.4   6.1750166e-12
       5011214.0   6.1774206e-12
       5008288.6   6.1798269e-12
       5005363.2   6.1822356e-12
       5002437.8   6.1846466e-12
       4999512.4   6.1870600e-12
       4996587.0   6.1894757e-12
       4993661.6   6.1918938e-12
       4990736.2   6.1943143e-12
       4987810.8   6.1967371e-12
       4984885.4   6.1991623e-12
       4981960.0   6.2015899e-12
       4979034.6   6.2040198e-12
       4976109.2   6.2064521e-12
       4973183.8   6.2088868e-12
       4970258.4   6.2113239e-12
       4967333.0   6.2137634e-12
       4964407.6   6.2162053e-12
       4961482.2   6.2186496e-12
       4958556.8   6.2210963e-12
       4955631.4   6.2235454e-12
       4952706.0   6.2259969e-12
       4949780.6   6.2284508e-12
       4946855.2   6.2309071e-12
       4943929.8   6.2333659e-12
       4941004.4   6.2358271e-12
       4938079.0   6.2382907e-12
       4935153.6   6.2407568e-12
       4932228.2   6.2432253e-12
       4929302.8   6.2456962e-12
       4926377.4   6.2481696e-12
       4923452.0   6.2506454e-12
       4920526.6   6.2531237e-12
       4917601.2   6.2556044e-12
       4914675.8   6.2580876e-12
       4911750.4   6.2605733e-12
       4908825.0   6.2630614e-12
       4905899.6   6.2655520e-12
       4902974.2   6.2680451e-12
       4900048.8   6.2705407e-12
       4897123.4   6.2730387e-12
       4894198.0   6.2755393e-12
       4891272.5   6.2780423e-12
       4888347.1   6.2805478e-12
       4885421.7   6.2830559e-12
       4882496.3   6.2855664e-12
       4879570.9   6.2880794e-12
       4876645.5   6.2905950e-12
       4873720.1   6.2931131e-12
       4870794.7   6.2956337e-12
       4867869.3   6.2981568e-12
       4864943.9   6.3006824e-12
       4862018.5   6.3032106e-12
       4859093.1   6.3057413e-12
       4856167.7   6.3082746e-12
       4853242.3   6.3108104e-12
       4850316.9   6.3133487e-12
       4847391.5   6.3158897e-12
       4844466.1   6.3184331e-12
       4841540.7   6.3209791e-12
       4838615.3   6.3235277e-12
       4835689.9   6.3260789e-12
       4832764.5   6.3286326e-12
       4829839.1   6.3311889e-12
       4826913.7   6.3337478e-12
       4823988.3   6.3363093e-12
       4821062.9   6.3388734e-12
       4818137.5   6.3414401e-12
       4815212.1   6.3440093e-12
       4812286.7   6.3465812e-12
       4809361.3   6.3491557e-12
       4806435.9   6.3517328e-12
       4803510.5   6.3543125e-12
       4800585.1   6.3568948e-12
       4797659.7   6.3594797e-12
       4794734.3   6.3620673e-12
       4791808.9   6.3646575e-12
       4788883.5   6.3672504e-12
       4785958.1   6.3698459e-12
       4783032.7   6.3724440e-12
       4780107.3   6.3750448e-12
       4777181.9   6.3776482e-12
       4774256.5   6.3802543e-12
       4771331.1   6.3828631e-12
       4768405.7   6.3854745e-12
       4765480.3   6.3880886e-12
       4762554.9   6.3907054e-12
       4759629.4   6.3933249e-12
       4756704.0   6.3959470e-12
       4753778.6   6.3985719e-12
       4750853.2   6.4011994e-12
       4747927.8   6.4038296e-12
       4745002.4   6.4064626e-12
       4742077.0   6.4090982e-12
       4739151.6   6.4117365e-12
       4736226.2   6.4143776e-12
       4733300.8   6.4170214e-12
       4730375.4   6.4196679e-12
       4727450.0   6.4223171e-12
       4724524.6   6.4249691e-12
       4721599.2   6.4276238e-12
       4718673.8   6.4302813e-12
       4715748.4   6.4329415e-12
       4712823.0   6.4356045e-12
       4709897.6   6.4382702e-12
       4706972.2   6.4409387e-12
       4704046.8   6.4436099e-12
       4701121.4   6.4462839e-12
       4698196.0   6.4489607e-12
       4695270.6   6.4516403e-12
       4692345.2   6.4543226e-12
       4689419.8   6.4570078e-12
       4686494.4   6.4596957e-12
       4683569.0   6.4623864e-12
       4680643.6   6.4650800e-12
       4677718.2   6.4677763e-12
       4674792.8   6.4704755e-12
       4671867.4   6.4731774e-12
       4668942.0   6.4758822e-12
       4666016.6   6.4785899e-12
       4663091.2   6.4813003e-12
       4660165.8   6.4840136e-12
       4657240.4   6.4867297e-12
       4654315.0   6.4894487e-12
       4651389.6   6.4921705e-12
       4648464.2   6.4948952e-12
       4645538.8   6.4976228e-12
       4642613.4   6.5003532e-12
       4639688.0   6.5030864e-12
       4636762.6   6.5058226e-12
       4633837.2   6.5085616e-12
       4630911.8   6.5113035e-12
       4627986.3   6.5140483e-12
       4625060.9   6.5167960e-12
       4622135.5   6.5195466e-12
       4619210.1   6.5223001e-12
       4616284.7   6.5250565e-12
       4613359.3   6.5278159e-12
       4610433.9   6.5305781e-12
       4607508.5   6.5333433e-12
       4604583.1   6.5361113e-12
       4601657.7   6.5388824e-12
       4598732.3   6.5416563e-12
       4595806.9   6.5444332e-12
       4592881.5   6.5472131e-12
       4589956.1   6.5499959e-12
       4587030.7   6.5527816e-12
       4584105.3   6.5555704e-12
       4581179.9   6.5583621e-12
       4578254.5   6.5611567e-12
       4575329.1   6.5639544e-12
       4572403.7   6.5667550e-12
       4569478.3   6.5695586e-12
       4566552.9   6.5723652e-12
       4563627.5   6.5751749e-12
       4560702.1   6.5779875e-12
       4557776.7   6.5808031e-12
       4554851.3   6.5836217e-12
       4551925.9   6.5864434e-12
       4549000.5   6.5892681e-12
       4546075.1   6.5920958e-12
       4543149.7   6.5949265e-12
       4540224.3   6.5977603e-12
       4537298.9   6.6005971e-12
       4534373.5   6.6034370e-12
       4531448.1   6.6062800e-12
       4528522.7   6.6091260e-12
       4525597.3   6.6119750e-12
       4522671.9   6.6148272e-12
       4519746.5   6.6176824e-12
       4516821.1   6.6205407e-12
       4513895.7   6.6234020e-12
       4510970.3   6.6262665e-12
       4508044.9   6.6291341e-12
       4505119.5   6.6320048e-12
       4502194.1   6.6348786e-12
       4499268.6   6.6377555e-12
       4496343.2   6.6406355e-12
       4493417.8   6.6435186e-12
       4490492.4   6.6464049e-12
       4487567.0   6.6492943e-12
       4484641.6   6.6521869e-12
       4481716.2   6.6550826e-12
       4478790.8   6.6579814e-12
       4475865.4   6.6608835e-12
       4472940.0   6.6637886e-12
       4470014.6   6.6666970e-12
       4467089.2   6.6696085e-12
       4464163.8   6.6725232e-12
       4461238.4   6.6754411e-12
       4458313.0   6.6783622e-12
       4455387.6   6.6812864e-12
       4452462.2   6.6842139e-12
       4449536.8   6.6871446e-12
       4446611.4   6.6900785e-12
       4443686.0   6.6930156e-12
       4440760.6   6.6959560e-12
       4437835.2   6.6988995e-12
       4434909.8   6.7018463e-12
       4431984.4   6.7047964e-12
       4429059.0   6.7077497e-12
       4426133.6   6.7107062e-12
       4423208.2   6.7136661e-12
       4420282.8   6.7166291e-12
       4417357.4   6.7195955e-12
       4414432.0   6.7225651e-12
       4411506.6   6.7255380e-12
       4408581.2   6.7285142e-12
       4405655.8   6.7314937e-12
       4402730.4   6.7344765e-12
       4399805.0   6.7374626e-12
       4396879.6   6.7404520e-12
       4393954.2   6.7434447e-12
       4391028.8   6.7464407e-12
       4388103.4   6.7494401e-12
       4385178.0   6.7524428e-12
       4382252.6   6.7554489e-12
       4379327.2   6.7584583e-12
       4376401.8   6.7614710e-12
       4373476.4   6.7644871e-12
       4370551.0   6.7675066e-12
       4367625.5   6.7705295e-12
       4364700.1   6.7735557e-12
       4361774.7   6.7765853e-12
       4358849.3   6.7796183e-12
       4355923.9   6.7826547e-12
       4352998.5   6.7856945e-12
       4350073.1   6.7887377e-12
       4347147.7   6.7917843e-12
       4344222.3   6.7948343e-12
       4341296.9   6.7978878e-12
       4338371.5   6.8009447e-12
       4335446.1   6.8040050e-12
       4332520.7   6.8070688e-12
       4329595.3   6.8101360e-12
       4326669.9   6.8132067e-12
       4323744.5   6.8162808e-12
       4320819.1   6.8193584e-12
       4317893.7   6.8224395e-12
       4314968.3   6.8255241e-12
       4312042.9   6.8286121e-12
       4309117.5   6.8317037e-12
       4306192.1   6.8347987e-12
       4303266.7   6.8378973e-12
       4300341.3   6.8409994e-12
       4297415.9   6.8441049e-12
       4294490.5   6.8472141e-12
       4291565.1   6.8503267e-12
       4288639.7   6.8534429e-12
       4285714.3   6.8565626e-12
       4282788.9   6.8596859e-12
       4279863.5   6.8628128e-12
       4276938.1   6.8659432e-12
       4274012.7   6.8690772e-12
       4271087.3   6.8722147e-12
       4268161.9   6.8753559e-12
       4265236.5   6.8785006e-12
       4262311.1   6.8816489e-12
       4259385.7   6.8848008e-12
       4256460.3   6.8879564e-12
       4253534.9   6.8911156e-12
       4250609.5   6.8942783e-12
       4247684.1   6.8974448e-12
       4244758.7   6.9006148e-12
       4241833.3   6.9037885e-12
       4238907.8   6.9069659e-12
       4235982.4   6.9101469e-12
       4233057.0   6.9133315e-12
       4230131.6   6.9165199e-12
       4227206.2   6.9197119e-12
       4224280.8   6.9229076e-12
       4221355.4   6.9261070e-12
       4218430.0   6.9293101e-12
       4215504.6   6.9325169e-12
       4212579.2   6.9357274e-12
       4209653.8   6.9389416e-12
       4206728.4   6.9421596e-12
       4203803.0   6.9453813e-12
       4200877.6   6.9486067e-12
       4197952.2   6.9518359e-12
       4195026.8   6.9550688e-12
       4192101.4   6.9583055e-12
       4189176.0   6.9615459e-12
       4186250.6   6.9647902e-12
       4183325.2   6.9680382e-12
       4180399.8   6.9712900e-12
       4177474.4   6.9745456e-12
       4174549.0   6.9778050e-12
       4171623.6   6.9810682e-12
       4168698.2   6.9843352e-12
       4165772.8   6.9876060e-12
       4162847.4   6.9908807e-12
       4159922.0   6.9941592e-12
       4156996.6   6.9974416e-12
       4154071.2   7.0007278e-12
       4151145.8   7.0040179e-12
       4148220.4   7.0073118e-12
       4145295.0   7.0106096e-12
       4142369.6   7.0139113e-12
       4139444.2   7.0172169e-12
       4136518.8   7.0205264e-12
       4133593.4   7.0238398e-12
       4130668.0   7.0271571e-12
       4127742.6   7.0304783e-12
       4124817.2   7.0338035e-12
       4121891.8   7.0371325e-12
       4118966.4   7.0404656e-12
       4116041.0   7.0438025e-12
       4113115.6   7.0471435e-12
       4110190.2   7.0504883e-12
       4107264.7   7.0538372e-12
       4104339.3   7.0571900e-12
       4101413.9   7.0605469e-12
       4098488.5   7.0639077e-12
       4095563.1   7.0672725e-12
       4092637.7   7.0706413e-12
       4089712.3   7.0740141e-12
       4086786.9   7.0773910e-12
       4083861.5   7.0807719e-12
       4080936.1   7.0841568e-12
       4078010.7   7.0875458e-12
       4075085.3   7.0909389e-12
       4072159.9   7.0943360e-12
       4069234.5   7.0977371e-12
       4066309.1   7.1011424e-12
       4063383.7   7.1045517e-12
       4060458.3   7.1079652e-12
       4057532.9   7.1113827e-12
       4054607.5   7.1148043e-12
       4051682.1   7.1182301e-12
       4048756.7   7.1216600e-12
       4045831.3   7.1250940e-12
       4042905.9   7.1285322e-12
       4039980.5   7.1319745e-12
       4037055.1   7.1354210e-12
       4034129.7   7.1388716e-12
       4031204.3   7.1423264e-12
       4028278.9   7.1457854e-12
       4025353.5   7.1492486e-12
       4022428.1   7.1527160e-12
       4019502.7   7.1561875e-12
       4016577.3   7.1596633e-12
       4013651.9   7.1631434e-12
       4010726.5   7.1666276e-12
       4007801.1   7.1701161e-12
       4004875.7   7.1736088e-12
       4001950.3   7.1771058e-12
       3999024.9   7.1806071e-12
       3996099.5   7.1841126e-12
       3993174.1   7.1876224e-12
       3990248.7   7.1911365e-12
       3987323.3   7.1946549e-12
       3984397.9   7.1981776e-12
       3981472.5   7.2017046e-12
       3978547.1   7.2052360e-12
       3975621.6   7.2087717e-12
       3972696.2   7.2123117e-12
       3969770.8   7.2158560e-12
       3966845.4   7.2194047e-12
       3963920.0   7.2229578e-12
       3960994.6   7.2265153e-12
       3958069.2   7.2300771e-12
       3955143.8   7.2336433e-12
       3952218.4   7.2372140e-12
       3949293.0   7.2407890e-12
       3946367.6   7.2443685e-12
       3943442.2   7.2479523e-12
       3940516.8   7.2515406e-12
       3937591.4   7.2551334e-12
       3934666.0   7.2587306e-12
       3931740.6   7.2623323e-12
       3928815.2   7.2659384e-12
       3925889.8   7.2695490e-12
       3922964.4   7.2731641e-12
       3920039.0   7.2767837e-12
       3917113.6   7.2804079e-12
       3914188.2   7.2840365e-12
       3911262.8   7.2876696e-12
       3908337.4   7.2913073e-12
       3905412.0   7.2949495e-12
       3902486.6   7.2985963e-12
       3899561.2   7.3022476e-12
       3896635.8   7.3059035e-12
       3893710.4   7.3095640e-12
       3890785.0   7.3132291e-12
       3887859.6   7.3168987e-12
       3884934.2   7.3205730e-12
       3882008.8   7.3242519e-12
       3879083.4   7.3279354e-12
       3876158.0   7.3316235e-12
       3873232.6   7.3353163e-12
       3870307.2   7.3390138e-12
       3867381.8   7.3427159e-12
       3864456.4   7.3464226e-12
       3861531.0   7.3501341e-12
       3858605.6   7.3538502e-12
       3855680.2   7.3575711e-12
       3852754.8   7.3612966e-12
       3849829.4   7.3650269e-12
       3846903.9   7.3687619e-12
       3843978.5   7.3725016e-12
       3841053.1   7.3762461e-12
       3838127.7   7.3799953e-12
       3835202.3   7.3837493e-12
       3832276.9   7.3875081e-12
       3829351.5   7.3912717e-12
       3826426.1   7.3950400e-12
       3823500.7   7.3988132e-12
       3820575.3   7.4025912e-12
       3817649.9   7.4063740e-12
       3814724.5   7.4101616e-12
       3811799.1   7.4139541e-12
       3808873.7   7.4177515e-12
       3805948.3   7.4215537e-12
       3803022.9   7.4253608e-12
       3800097.5   7.4291727e-12
       3797172.1   7.4329896e-12
       3794246.7   7.4368114e-12
       3791321.3   7.4406381e-12
       3788395.9   7.4444697e-12
       3785470.5   7.4483062e-12
       3782545.1   7.4521477e-12
       3779619.7   7.4559941e-12
       3776694.3   7.4598456e-12
       3773768.9   7.4637019e-12
       3770843.5   7.4675633e-12
       3767918.1   7.4714297e-12
       3764992.7   7.4753011e-12
       3762067.3   7.4791775e-12
       3759141.9   7.4830589e-12
       3756216.5   7.4869454e-12
       3753291.1   7.4908369e-12
       3750365.7   7.4947334e-12
       3747440.3   7.4986351e-12
       3744514.9   7.5025418e-12
       3741589.5   7.5064536e-12
       3738664.1   7.5103705e-12
       3735738.7   7.5142926e-12
       3732813.3   7.5182197e-12
       3729887.9   7.5221520e-12
       3726962.5   7.5260894e-12
       3724037.1   7.5300320e-12
       3721111.7   7.5339797e-12
       3718186.3   7.5379327e-12
       3715260.8   7.5418908e-12
       3712335.4   7.5458541e-12
       3709410.0   7.5498226e-12
       3706484.6   7.5537964e-12
       3703559.2   7.5577753e-12
       3700633.8   7.5617596e-12
       3697708.4   7.5657490e-12
       3694783.0   7.5697438e-12
       3691857.6   7.5737438e-12
       3688932.2   7.5777491e-12
       3686006.8   7.5817597e-12
       3683081.4   7.5857756e-12
       3680156.0   7.5897968e-12
       3677230.6   7.5938234e-12
       3674305.2   7.5978553e-12
       3671379.8   7.6018925e-12
       3668454.4   7.6059352e-12
       3665529.0   7.6099832e-12
       3662603.6   7.6140366e-12
       3659678.2   7.6180953e-12
       3656752.8   7.6221596e-12
       3653827.4   7.6262292e-12
       3650902.0   7.6303042e-12
       3647976.6   7.6343848e-12
       3645051.2   7.6384707e-12
       3642125.8   7.6425622e-12
       3639200.4   7.6466591e-12
       3636275.0   7.6507615e-12
       3633349.6   7.6548694e-12
       3630424.2   7.6589828e-12
       3627498.8   7.6631018e-12
       3624573.4   7.6672263e-12
       3621648.0   7.6713564e-12
       3618722.6   7.6754920e-12
       3615797.2   7.6796332e-12
       3612871.8   7.6837800e-12
       3609946.4   7.6879324e-12
       3607021.0   7.6920904e-12
       3604095.6   7.6962540e-12
       3601170.2   7.7004233e-12
       3598244.8   7.7045982e-12
       3595319.4   7.7087788e-12
       3592394.0   7.7129650e-12
       3589468.6   7.7171570e-12
       3586543.1   7.7213546e-12
       3583617.7   7.7255579e-12
       3580692.3   7.7297670e-12
       3577766.9   7.7339818e-12
       3574841.5   7.7382024e-12
       3571916.1   7.7424287e-12
       3568990.7   7.7466608e-12
       3566065.3   7.7508987e-12
       3563139.9   7.7551424e-12
       3560214.5   7.7593918e-12
       3557289.1   7.7636472e-12
       3554363.7   7.7679083e-12
       3551438.3   7.7721753e-12
       3548512.9   7.7764482e-12
       3545587.5   7.7807269e-12
       3542662.1   7.7850116e-12
       3539736.7   7.7893021e-12
       3536811.3   7.7935985e-12
       3533885.9   7.7979009e-12
       3530960.5   7.8022092e-12
       3528035.1   7.8065235e-12
       3525109.7   7.8108438e-12
       3522184.3   7.8151700e-12
       3519258.9   7.8195022e-12
       3516333.5   7.8238404e-12
       3513408.1   7.8281847e-12
       3510482.7   7.8325349e-12
       3507557.3   7.8368913e-12
       3504631.9   7.8412536e-12
       3501706.5   7.8456221e-12
       3498781.1   7.8499966e-12
       3495855.7   7.8543773e-12
       3492930.3   7.8587641e-12
       3490004.9   7.8631569e-12
       3487079.5   7.8675560e-12
       3484154.1   7.8719612e-12
       3481228.7   7.8763725e-12
       3478303.3   7.8807901e-12
       3475377.9   7.8852138e-12
       3472452.5   7.8896438e-12
       3469527.1   7.8940800e-12
       3466601.7   7.8985224e-12
       3463676.3   7.9029710e-12
       3460750.9   7.9074260e-12
       3457825.5   7.9118872e-12
       3454900.0   7.9163547e-12
       3451974.6   7.9208286e-12
       3449049.2   7.9253087e-12
       3446123.8   7.9297952e-12
       3443198.4   7.9342880e-12
       3440273.0   7.9387873e-12
       3437347.6   7.9432929e-12
       3434422.2   7.9478049e-12
       3431496.8   7.9523233e-12
       3428571.4   7.9568481e-12
       3425646.0   7.9613794e-12
       3422720.6   7.9659171e-12
       3419795.2   7.9704613e-12
       3416869.8   7.9750120e-12
       3413944.4   7.9795691e-12
       3411019.0   7.9841328e-12
       3408093.6   7.9887030e-12
       3405168.2   7.9932798e-12
       3402242.8   7.9978631e-12
       3399317.4   8.0024530e-12
       3396392.0   8.0070495e-12
       3393466.6   8.0116526e-12
       3390541.2   8.0162623e-12
       3387615.8   8.0208787e-12
       3384690.4   8.0255017e-12
       3381765.0   8.0301313e-12
       3378839.6   8.0347677e-12
       3375914.2   8.0394107e-12
       3372988.8   8.0440605e-12
       3370063.4   8.0487170e-12
       3367138.0   8.0533802e-12
       3364212.6   8.0580502e-12
       3361287.2   8.0627269e-12
       3358361.8   8.0674105e-12
       3355436.4   8.0721008e-12
       3352511.0   8.0767980e-12
       3349585.6   8.0815020e-12
       3346660.2   8.0862129e-12
       3343734.8   8.0909306e-12
       3340809.4   8.0956552e-12
       3337884.0   8.1003867e-12
       3334958.6   8.1051252e-12
       3332033.2   8.1098706e-12
       3329107.8   8.1146229e-12
       3326182.4   8.1193822e-12
       3323256.9   8.1241484e-12
       3320331.5   8.1289217e-12
       3317406.1   8.1337020e-12
       3314480.7   8.1384893e-12
       3311555.3   8.1432837e-12
       3308629.9   8.1480851e-12
       3305704.5   8.1528936e-12
       3302779.1   8.1577092e-12
       3299853.7   8.1625320e-12
       3296928.3   8.1673618e-12
       3294002.9   8.1721989e-12
       3291077.5   8.1770430e-12
       3288152.1   8.1818944e-12
       3285226.7   8.1867530e-12
       3282301.3   8.1916187e-12
       3279375.9   8.1964917e-12
       3276450.5   8.2013720e-12
       3273525.1   8.2062595e-12
       3270599.7   8.2111544e-12
       3267674.3   8.2160565e-12
       3264748.9   8.2209659e-12
       3261823.5   8.2258827e-12
       3258898.1   8.2308069e-12
       3255972.7   8.2357384e-12
       3253047.3   8.2406773e-12
       3250121.9   8.2456236e-12
       3247196.5   8.2505773e-12
       3244271.1   8.2555385e-12
       3241345.7   8.2605072e-12
       3238420.3   8.2654833e-12
       3235494.9   8.2704669e-12
       3232569.5   8.2754581e-12
       3229644.1   8.2804568e-12
       3226718.7   8.2854630e-12
       3223793.3   8.2904768e-12
       3220867.9   8.2954982e-12
       3217942.5   8.3005272e-12
       3215017.1   8.3055639e-12
       3212091.7   8.3106081e-12
       3209166.3   8.3156601e-12
       3206240.9   8.3207197e-12
       3203315.5   8.3257870e-12
       3200390.1   8.3308621e-12
       3197464.7   8.3359449e-12
       3194539.2   8.3410354e-12
       3191613.8   8.3461337e-12
       3188688.4   8.3512398e-12
       3185763.0   8.3563538e-12
       3182837.6   8.3614755e-12
       3179912.2   8.3666052e-12
       3176986.8   8.3717427e-12
       3174061.4   8.3768880e-12
       3171136.0   8.3820413e-12
       3168210.6   8.3872026e-12
       3165285.2   8.3923717e-12
       3162359.8   8.3975489e-12
       3159434.4   8.4027340e-12
       3156509.0   8.4079272e-12
       3153583.6   8.4131283e-12
       3150658.2   8.4183376e-12
       3147732.8   8.4235549e-12
       3144807.4   8.4287803e-12
       3141882.0   8.4340137e-12
       3138956.6   8.4392554e-12
       3136031.2   8.4445051e-12
       3133105.8   8.4497631e-12
       3130180.4   8.4550292e-12
       3127255.0   8.4603036e-12
       3124329.6   8.4655861e-12
       3121404.2   8.4708769e-12
       3118478.8   8.4761760e-12
       3115553.4   8.4814834e-12
       3112628.0   8.4867991e-12
       3109702.6   8.4921232e-12
       3106777.2   8.4974556e-12
       3103851.8   8.5027963e-12
       3100926.4   8.5081455e-12
       3098001.0   8.5135031e-12
       3095075.6   8.5188691e-12
       3092150.2   8.5242436e-12
       3089224.8   8.5296266e-12
       3086299.4   8.5350181e-12
       3083374.0   8.5404181e-12
       3080448.6   8.5458266e-12
       3077523.2   8.5512437e-12
       3074597.8   8.5566694e-12
       3071672.4   8.5621038e-12
       3068747.0   8.5675467e-12
       3065821.6   8.5729983e-12
       3062896.1   8.5784586e-12
       3059970.7   8.5839276e-12
       3057045.3   8.5894053e-12
       3054119.9   8.5948918e-12
       3051194.5   8.6003870e-12
       3048269.1   8.6058910e-12
       3045343.7   8.6114039e-12
       3042418.3   8.6169255e-12
       3039492.9   8.6224560e-12
       3036567.5   8.6279954e-12
       3033642.1   8.6335438e-12
       3030716.7   8.6391010e-12
       3027791.3   8.6446672e-12
       3024865.9   8.6502423e-12
       3021940.5   8.6558265e-12
       3019015.1   8.6614196e-12
       3016089.7   8.6670218e-12
       3013164.3   8.6726331e-12
       3010238.9   8.6782535e-12
       3007313.5   8.6838829e-12
       3004388.1   8.6895216e-12
       3001462.7   8.6951693e-12
       2998537.3   8.7008263e-12
       2995611.9   8.7064924e-12
       2992686.5   8.7121678e-12
       2989761.1   8.7178525e-12
       2986835.7   8.7235464e-12
       2983910.3   8.7292496e-12
       2980984.9   8.7349622e-12
       2978059.5   8.7406841e-12
       2975134.1   8.7464154e-12
       2972208.7   8.7521561e-12
       2969283.3   8.7579062e-12
       2966357.9   8.7636658e-12
       2963432.5   8.7694349e-12
       2960507.1   8.7752134e-12
       2957581.7   8.7810015e-12
       2954656.3   8.7867991e-12
       2951730.9   8.7926063e-12
       2948805.5   8.7984231e-12
       2945880.1   8.8042496e-12
       2942954.7   8.8100856e-12
       2940029.3   8.8159314e-12
       2937103.9   8.8217869e-12
       2934178.4   8.8276521e-12
       2931253.0   8.8335270e-12
       2928327.6   8.8394118e-12
       2925402.2   8.8453063e-12
       2922476.8   8.8512107e-12
       2919551.4   8.8571249e-12
       2916626.0   8.8630491e-12
       2913700.6   8.8689831e-12
       2910775.2   8.8749271e-12
       2907849.8   8.8808810e-12
       2904924.4   8.8868450e-12
       2901999.0   8.8928189e-12
       2899073.6   8.8988030e-12
       2896148.2   8.9047970e-12
       2893222.8   8.9108012e-12
       2890297.4   8.9168155e-12
       2887372.0   8.9228400e-12
       2884446.6   8.9288747e-12
       2881521.2   8.9349195e-12
       2878595.8   8.9409746e-12
       2875670.4   8.9470400e-12
       2872745.0   8.9531157e-12
       2869819.6   8.9592017e-12
       2866894.2   8.9652980e-12
       2863968.8   8.9714047e-12
       2861043.4   8.9775218e-12
       2858118.0   8.9836494e-12
       2855192.6   8.9897874e-12
       2852267.2   8.9959359e-12
       2849341.8   9.0020950e-12
       2846416.4   9.0082646e-12
       2843491.0   9.0144447e-12
       2840565.6   9.0206355e-12
       2837640.2   9.0268369e-12
       2834714.8   9.0330490e-12
       2831789.4   9.0392718e-12
       2828864.0   9.0455053e-12
       2825938.6   9.0517495e-12
       2823013.2   9.0580046e-12
       2820087.8   9.0642704e-12
       2817162.4   9.0705471e-12
       2814237.0   9.0768347e-12
       2811311.6   9.0831332e-12
       2808386.2   9.0894426e-12
       2805460.8   9.0957630e-12
       2802535.3   9.1020944e-12
       2799609.9   9.1084368e-12
       2796684.5   9.1147902e-12
       2793759.1   9.1211548e-12
       2790833.7   9.1275304e-12
       2787908.3   9.1339173e-12
       2784982.9   9.1403153e-12
       2782057.5   9.1467245e-12
       2779132.1   9.1531449e-12
       2776206.7   9.1595767e-12
       2773281.3   9.1660197e-12
       2770355.9   9.1724741e-12
       2767430.5   9.1789398e-12
       2764505.1   9.1854170e-12
       2761579.7   9.1919056e-12
       2758654.3   9.1984057e-12
       2755728.9   9.2049172e-12
       2752803.5   9.2114403e-12
       2749878.1   9.2179750e-12
       2746952.7   9.2245212e-12
       2744027.3   9.2310791e-12
       2741101.9   9.2376487e-12
       2738176.5   9.2442299e-12
       2735251.1   9.2508229e-12
       2732325.7   9.2574277e-12
       2729400.3   9.2640442e-12
       2726474.9   9.2706726e-12
       2723549.5   9.2773128e-12
       2720624.1   9.2839650e-12
       2717698.7   9.2906291e-12
       2714773.3   9.2973051e-12
       2711847.9   9.3039932e-12
       2708922.5   9.3106933e-12
       2705997.1   9.3174054e-12
       2703071.7   9.3241297e-12
       2700146.3   9.3308661e-12
       2697220.9   9.3376147e-12
       2694295.5   9.3443755e-12
       2691370.1   9.3511486e-12
       2688444.7   9.3579339e-12
       2685519.3   9.3647316e-12
       2682593.9   9.3715416e-12
       2679668.5   9.3783640e-12
       2676743.1   9.3851988e-12
       2673817.6   9.3920461e-12
       2670892.2   9.3989059e-12
       2667966.8   9.4057782e-12
       2665041.4   9.4126631e-12
       2662116.0   9.4195606e-12
       2659190.6   9.4264708e-12
       2656265.2   9.4333936e-12
       2653339.8   9.4403292e-12
       2650414.4   9.4472775e-12
       2647489.0   9.4542387e-12
       2644563.6   9.4612126e-12
       2641638.2   9.4681994e-12
       2638712.8   9.4751992e-12
       2635787.4   9.4822119e-12
       2632862.0   9.4892375e-12
       2629936.6   9.4962762e-12
       2627011.2   9.5033280e-12
       2624085.8   9.5103928e-12
       2621160.4   9.5174708e-12
       2618235.0   9.5245620e-12
       2615309.6   9.5316664e-12
       2612384.2   9.5387841e-12
       2609458.8   9.5459151e-12
       2606533.4   9.5530594e-12
       2603608.0   9.5602170e-12
       2600682.6   9.5673881e-12
       2597757.2   9.5745727e-12
       2594831.8   9.5817708e-12
       2591906.4   9.5889824e-12
       2588981.0   9.5962076e-12
       2586055.6   9.6034464e-12
       2583130.2   9.6106988e-12
       2580204.8   9.6179650e-12
       2577279.4   9.6252449e-12
       2574354.0   9.6325386e-12
       2571428.6   9.6398462e-12
       2568503.2   9.6471676e-12
       2565577.8   9.6545029e-12
       2562652.4   9.6618522e-12
       2559727.0   9.6692154e-12
       2556801.6   9.6765928e-12
       2553876.2   9.6839842e-12
       2550950.8   9.6913897e-12
       2548025.4   9.6988094e-12
       2545100.0   9.7062433e-12
       2542174.5   9.7136915e-12
       2539249.1   9.7211540e-12
       2536323.7   9.7286308e-12
       2533398.3   9.7361220e-12
       2530472.9   9.7436276e-12
       2527547.5   9.7511478e-12
       2524622.1   9.7586824e-12
       2521696.7   9.7662316e-12
       2518771.3   9.7737955e-12
       2515845.9   9.7813739e-12
       2512920.5   9.7889671e-12
       2509995.1   9.7965751e-12
       2507069.7   9.8041978e-12
       2504144.3   9.8118354e-12
       2501218.9   9.8194879e-12
       2498293.5   9.8271553e-12
       2495368.1   9.8348376e-12
       2492442.7   9.8425351e-12
       2489517.3   9.8502475e-12
       2486591.9   9.8579751e-12
       2483666.5   9.8657179e-12
       2480741.1   9.8734759e-12
       2477815.7   9.8812492e-12
       2474890.3   9.8890378e-12
       2471964.9   9.8968417e-12
       2469039.5   9.9046611e-12
       2466114.1   9.9124959e-12
       2463188.7   9.9203462e-12
       2460263.3   9.9282121e-12
       2457337.9   9.9360935e-12
       2454412.5   9.9439907e-12
       2451487.1   9.9519035e-12
       2448561.7   9.9598321e-12
       2445636.3   9.9677765e-12
       2442710.9   9.9757368e-12
       2439785.5   9.9837130e-12
       2436860.1   9.9917051e-12
       2433934.7   9.9997132e-12
       2431009.3   1.0007737e-11
       2428083.9   1.0015778e-11
       2425158.5   1.0023834e-11
       2422233.1   1.0031907e-11
       2419307.7   1.0039996e-11
       2416382.3   1.0048101e-11
       2413456.9   1.0056223e-11
       2410531.4   1.0064361e-11
       2407606.0   1.0072516e-11
       2404680.6   1.0080687e-11
       2401755.2   1.0088874e-11
       2398829.8   1.0097079e-11
       2395904.4   1.0105300e-11
       2392979.0   1.0113537e-11
       2390053.6   1.0121792e-11
       2387128.2   1.0130064e-11
       2384202.8   1.0138352e-11
       2381277.4   1.0146657e-11
       2378352.0   1.0154980e-11
       2375426.6   1.0163319e-11
       2372501.2   1.0171676e-11
       2369575.8   1.0180049e-11
       2366650.4   1.0188440e-11
       2363725.0   1.0196849e-11
       2360799.6   1.0205274e-11
       2357874.2   1.0213718e-11
       2354948.8   1.0222178e-11
       2352023.4   1.0230656e-11
       2349098.0   1.0239152e-11
       2346172.6   1.0247665e-11
       2343247.2   1.0256197e-11
       2340321.8   1.0264745e-11
       2337396.4   1.0273312e-11
       2334471.0   1.0281897e-11
       2331545.6   1.0290499e-11
       2328620.2   1.0299120e-11
       2325694.8   1.0307758e-11
       2322769.4   1.0316415e-11
       2319844.0   1.0325090e-11
       2316918.6   1.0333783e-11
       2313993.2   1.0342495e-11
       2311067.8   1.0351225e-11
       2308142.4   1.0359973e-11
       2305217.0   1.0368740e-11
       2302291.6   1.0377526e-11
       2299366.2   1.0386330e-11
       2296440.8   1.0395152e-11
       2293515.4   1.0403994e-11
       2290590.0   1.0412854e-11
       2287664.6   1.0421733e-11
       2284739.2   1.0430632e-11
       2281813.7   1.0439549e-11
       2278888.3   1.0448485e-11
       2275962.9   1.0457440e-11
       2273037.5   1.0466415e-11
       2270112.1   1.0475409e-11
       2267186.7   1.0484422e-11
       2264261.3   1.0493455e-11
       2261335.9   1.0502507e-11
       2258410.5   1.0511578e-11
       2255485.1   1.0520670e-11
       2252559.7   1.0529781e-11
       2249634.3   1.0538911e-11
       2246708.9   1.0548062e-11
       2243783.5   1.0557232e-11
       2240858.1   1.0566423e-11
       2237932.7   1.0575633e-11
       2235007.3   1.0584863e-11
       2232081.9   1.0594114e-11
       2229156.5   1.0603385e-11
       2226231.1   1.0612676e-11
       2223305.7   1.0621988e-11
       2220380.3   1.0631320e-11
       2217454.9   1.0640673e-11
       2214529.5   1.0650046e-11
       2211604.1   1.0659440e-11
       2208678.7   1.0668855e-11
       2205753.3   1.0678291e-11
       2202827.9   1.0687748e-11
       2199902.5   1.0697227e-11
       2196977.1   1.0706727e-11
       2194051.7   1.0716249e-11
       2191126.3   1.0725794e-11
       2188200.9   1.0735361e-11
       2185275.5   1.0744951e-11
       2182350.1   1.0754566e-11
       2179424.7   1.0764207e-11
       2176499.3   1.0773875e-11
       2173573.9   1.0783572e-11
       2170648.5   1.0793302e-11
       2167723.1   1.0803069e-11
       2164797.7   1.0812880e-11
       2161872.3   1.0822741e-11
       2158946.9   1.0832666e-11
       2156021.5   1.0842670e-11
       2153096.1   1.0852774e-11
       2150170.6   1.0863011e-11
       2147245.2   1.0873423e-11
       2144319.8   1.0884066e-11
       2141394.4   1.0895032e-11
       2138469.0   1.0906429e-11
       2135543.6   1.0918391e-11
       2132618.2   1.0931226e-11
       2129692.8   1.0945142e-11
       2126767.4   1.0960428e-11
       2123842.0   1.0978427e-11
       2120916.6   1.0998768e-11
       2117991.2   1.1020957e-11
       2115065.8   1.1043222e-11
       2112140.4   1.1065562e-11
       2109215.0   1.1087979e-11
       2106289.6   1.1110472e-11
       2103364.2   1.1133042e-11
       2100438.8   1.1155690e-11
       2097513.4   1.1178416e-11
       2094588.0   1.1201219e-11
       2091662.6   1.1224102e-11
       2088737.2   1.1247063e-11
       2085811.8   1.1270104e-11
       2082886.4   1.1293225e-11
       2079961.0   1.1316426e-11
       2077035.6   1.1339709e-11
       2074110.2   1.1363073e-11
       2071184.8   1.1386519e-11
       2068259.4   1.1410049e-11
       2065334.0   1.1433663e-11
       2062408.6   1.1457363e-11
       2059483.2   1.1481150e-11
       2056557.8   1.1505027e-11
       2053632.4   1.1528996e-11
       2050707.0   1.1553061e-11
       2047781.6   1.1577228e-11
       2044856.2   1.1601503e-11
       2041930.8   1.1625896e-11
       2039005.4   1.1650420e-11
       2036080.0   1.1675094e-11
       2033154.6   1.1699941e-11
       2030229.2   1.1724997e-11
       2027303.8   1.1750310e-11
       2024378.4   1.1775945e-11
       2021452.9   1.1801995e-11
       2018527.5   1.1828587e-11
       2015602.1   1.1855898e-11
       2012676.7   1.1884173e-11
       2009751.3   1.1913752e-11
       2006825.9   1.1945111e-11
       2003900.5   1.1978904e-11
       2000975.1   1.2016045e-11
       1998049.7   1.2057809e-11
       1995124.3   1.2105943e-11
       1992198.9   1.2162894e-11
       1989273.5   1.2232121e-11
       1986348.1   1.2318206e-11
       1983422.7   1.2427782e-11
       1980497.3   1.2570388e-11
       1977571.9   1.2757341e-11
       1974646.5   1.3007583e-11
       1971721.1   1.3348086e-11
       1968795.7   1.3800840e-11
       1965870.3   1.4430535e-11
       1962944.9   1.5312317e-11
       1960019.5   1.6438284e-11
       1957094.1   1.7749771e-11
       1954168.7   1.9168090e-11
       1951243.3   2.0702118e-11
       1948317.9   2.2361486e-11
       1945392.5   2.4156640e-11
       1942467.1   2.6098910e-11
       1939541.7   2.8200588e-11
       1936616.3   3.0475008e-11
       1933690.9   3.2936633e-11
       1930765.5   3.5601151e-11
       1927840.1   3.8485575e-11
       1924914.7   4.1608355e-11
       1921989.3   4.4989488e-11
       1919063.9   4.8650641e-11
       1916138.5   5.2615279e-11
       1913213.1   5.6908792e-11
       1910287.7   6.1558626e-11
       1907362.3   6.6594411e-11
       1904436.9   7.2048074e-11
       1901511.5   7.7953936e-11
       1898586.1   8.4348783e-11
       1895660.7   9.1271868e-11
       1892735.3   9.8764855e-11
       1889809.8   1.0687164e-10
       1886884.4   1.1563796e-10
       1883959.0   1.2511088e-10
       1881033.6   1.3533778e-10
       1878108.2   1.4636477e-10
       1875182.8   1.5823505e-10
       1872257.4   1.7098526e-10
       1869332.0   1.8463996e-10
       1866406.6   1.9920963e-10
       1863481.2   2.1467517e-10
       1860555.8   2.3097073e-10
       1857630.4   2.4800266e-10
       1854705.0   2.6555291e-10
       1851779.6   2.8325200e-10
       1848854.2   3.0081412e-10
       1845928.8   3.1724691e-10
       1843003.4   3.3124229e-10
       1840078.0   3.4298356e-10
       1837152.6   3.5350886e-10
       1834227.2   3.6437114e-10
       1831301.8   3.7558036e-10
       1828376.4   3.8714626e-10
       1825451.0   3.9907811e-10
       1822525.6   4.1138438e-10
       1819600.2   4.2407229e-10
       1816674.8   4.3714716e-10
       1813749.4   4.5061138e-10
       1810824.0   4.6446328e-10
       1807898.6   4.7869565e-10
       1804973.2   4.9329177e-10
       1802047.8   5.0822427e-10
       1799122.4   5.2345108e-10
       1796197.0   5.3889703e-10
       1793271.6   5.5446913e-10
       1790346.2   5.7003557e-10
       1787420.8   5.8532070e-10
       1784495.4   6.0012290e-10
       1781570.0   6.1407558e-10
       1778644.6   6.2603817e-10
       1775719.2   6.3625105e-10
       1772793.8   6.4517836e-10
       1769868.4   6.5424599e-10
       1766943.0   6.6345639e-10
       1764017.6   6.7281205e-10
       1761092.2   6.8231550e-10
       1758166.7   6.9196932e-10
       1755241.3   7.0177617e-10
       1752315.9   7.1173872e-10
       1749390.5   7.2185971e-10
       1746465.1   7.3214193e-10
       1743539.7   7.4258822e-10
       1740614.3   7.5320150e-10
       1737688.9   7.6398471e-10
       1734763.5   7.7494087e-10
       1731838.1   7.8607305e-10
       1728912.7   7.9738438e-10
       1725987.3   8.0887806e-10
       1723061.9   8.2055735e-10
       1720136.5   8.3242556e-10
       1717211.1   8.4448608e-10
       1714285.7   8.5674236e-10
       1711360.3   8.6919792e-10
       1708434.9   8.8185636e-10
       1705509.5   8.9472132e-10
       1702584.1   9.0779655e-10
       1699658.7   9.2108586e-10
       1696733.3   9.3459311e-10
       1693807.9   9.4832229e-10
       1690882.5   9.6227742e-10
       1687957.1   9.7646262e-10
       1685031.7   9.9088210e-10
       1682106.3   1.0055402e-09
       1679180.9   1.0204411e-09
       1676255.5   1.0355895e-09
       1673330.1   1.0509899e-09
       1670404.7   1.0666469e-09
       1667479.3   1.0825652e-09
       1664553.9   1.0987497e-09
       1661628.5   1.1152053e-09
       1658703.1   1.1319372e-09
       1655777.7   1.1489504e-09
       1652852.3   1.1662503e-09
       1649926.9   1.1838422e-09
       1647001.5   1.2017318e-09
       1644076.1   1.2199246e-09
       1641150.7   1.2384265e-09
       1638225.3   1.2572437e-09
       1635299.9   1.2763822e-09
       1632374.5   1.2958487e-09
       1629449.0   1.3156500e-09
       1626523.6   1.3357931e-09
       1623598.2   1.3562859e-09
       1620672.8   1.3771364e-09
       1617747.4   1.3983540e-09
       1614822.0   1.4199488e-09
       1611896.6   1.4419317e-09
       1608971.2   1.4643177e-09
       1606045.8   1.4871227e-09
       1603120.4   1.5103604e-09
       1600195.0   1.5340716e-09
       1597269.6   1.5582762e-09
       1594344.2   1.5829737e-09
       1591418.8   1.6081315e-09
       1588493.4   1.6337365e-09
       1585568.0   1.6597975e-09
       1582642.6   1.6863235e-09
       1579717.2   1.7133237e-09
       1576791.8   1.7408073e-09
       1573866.4   1.7687839e-09
       1570941.0   1.7972633e-09
       1568015.6   1.8262553e-09
       1565090.2   1.8557700e-09
       1562164.8   1.8858178e-09
       1559239.4   1.9164089e-09
       1556314.0   1.9475540e-09
       1553388.6   1.9792638e-09
       1550463.2   2.0115489e-09
       1547537.8   2.0444200e-09
       1544612.4   2.0778877e-09
       1541687.0   2.1119624e-09
       1538761.6   2.1466539e-09
       1535836.2   2.1819713e-09
       1532910.8   2.2179226e-09
       1529985.4   2.2545148e-09
       1527060.0   2.2917510e-09
       1524134.6   2.3296317e-09
       1521209.2   2.3681570e-09
       1518283.8   2.4073059e-09
       1515358.4   2.4470637e-09
       1512433.0   2.4874245e-09
       1509507.6   2.5282419e-09
       1506582.2   2.5695381e-09
       1503656.8   2.6113576e-09
       1500731.4   2.6539129e-09
       1497805.9   2.6972468e-09
       1494880.5   2.7413752e-09
       1491955.1   2.7863141e-09
       1489029.7   2.8320802e-09
       1486104.3   2.8786903e-09
       1483178.9   2.9261616e-09
       1480253.5   2.9745120e-09
       1477328.1   3.0237593e-09
       1474402.7   3.0739221e-09
       1471477.3   3.1250193e-09
       1468551.9   3.1770702e-09
       1465626.5   3.2300945e-09
       1462701.1   3.2841125e-09
       1459775.7   3.3391447e-09
       1456850.3   3.3952124e-09
       1453924.9   3.4523371e-09
       1450999.5   3.5105410e-09
       1448074.1   3.5698466e-09
       1445148.7   3.6302770e-09
       1442223.3   3.6918561e-09
       1439297.9   3.7546078e-09
       1436372.5   3.8185569e-09
       1433447.1   3.8837287e-09
       1430521.7   3.9501490e-09
       1427596.3   4.0178441e-09
       1424670.9   4.0868411e-09
       1421745.5   4.1571673e-09
       1418820.1   4.2288506e-09
       1415894.7   4.3019195e-09
       1412969.3   4.3764028e-09
       1410043.9   4.4523296e-09
       1407118.5   4.5297291e-09
       1404193.1   4.6086306e-09
       1401267.7   4.6890631e-09
       1398342.3   4.7710545e-09
       1395416.9   4.8546324e-09
       1392491.5   4.9398207e-09
       1389566.1   5.0266411e-09
       1386640.7   5.1151142e-09
       1383715.3   5.2052420e-09
       1380789.9   5.2970280e-09
       1377864.5   5.3904864e-09
       1374939.1   5.4855027e-09
       1372013.7   5.5820885e-09
       1369088.2   5.6803184e-09
       1366162.8   5.7804224e-09
       1363237.4   5.8825109e-09
       1360312.0   5.9866277e-09
       1357386.6   6.0928174e-09
       1354461.2   6.2011260e-09
       1351535.8   6.3116002e-09
       1348610.4   6.4242882e-09
       1345685.0   6.5392391e-09
       1342759.6   6.6565032e-09
       1339834.2   6.7761319e-09
       1336908.8   6.8981777e-09
       1333983.4   7.0226945e-09
       1331058.0   7.1497371e-09
       1328132.6   7.2793611e-09
       1325207.2   7.4116234e-09
       1322281.8   7.5465815e-09
       1319356.4   7.6842935e-09
       1316431.0   7.8248175e-09
       1313505.6   7.9682116e-09
       1310580.2   8.1145328e-09
       1307654.8   8.2638363e-09
       1304729.4   8.4161741e-09
       1301804.0   8.5715928e-09
       1298878.6   8.7301308e-09
       1295953.2   8.8918181e-09
       1293027.8   9.0566629e-09
       1290102.4   9.2246493e-09
       1287177.0   9.3957508e-09
       1284251.6   9.5698408e-09
       1281326.2   9.7467530e-09
       1278400.8   9.9263903e-09
       1275475.4   1.0108021e-08
       1272550.0   1.0291235e-08
       1269624.6   1.0476342e-08
       1266699.2   1.0664426e-08
       1263773.8   1.0856333e-08
       1260848.4   1.1052151e-08
       1257923.0   1.1251969e-08
       1254997.6   1.1455878e-08
       1252072.2   1.1663971e-08
       1249146.8   1.1876344e-08
       1246221.4   1.2093096e-08
       1243296.0   1.2314327e-08
       1240370.6   1.2540141e-08
       1237445.1   1.2770644e-08
       1234519.7   1.3005943e-08
       1231594.3   1.3246150e-08
       1228668.9   1.3491380e-08
       1225743.5   1.3741748e-08
       1222818.1   1.3997373e-08
       1219892.7   1.4258377e-08
       1216967.3   1.4524885e-08
       1214041.9   1.4797022e-08
       1211116.5   1.5074917e-08
       1208191.1   1.5358700e-08
       1205265.7   1.5648502e-08
       1202340.3   1.5944454e-08
       1199414.9   1.6246683e-08
       1196489.5   1.6555316e-08
       1193564.1   1.6870473e-08
       1190638.7   1.7192259e-08
       1187713.3   1.7520776e-08
       1184787.9   1.7856087e-08
       1181862.5   1.8198209e-08
       1178937.1   1.8547203e-08
       1176011.7   1.8902898e-08
       1173086.3   1.9265007e-08
       1170160.9   1.9633852e-08
       1167235.5   2.0010054e-08
       1164310.1   2.0394437e-08
       1161384.7   2.0787200e-08
       1158459.3   2.1188548e-08
       1155533.9   2.1598690e-08
       1152608.5   2.2017842e-08
       1149683.1   2.2446226e-08
       1146757.7   2.2884068e-08
       1143832.3   2.3331604e-08
       1140906.9   2.3789073e-08
       1137981.5   2.4256722e-08
       1135056.1   2.4734804e-08
       1132130.7   2.5223579e-08
       1129205.3   2.5723314e-08
       1126279.9   2.6234285e-08
       1123354.5   2.6756772e-08
       1120429.1   2.7291066e-08
       1117503.7   2.7837462e-08
       1114578.3   2.8396266e-08
       1111652.9   2.8967790e-08
       1108727.5   2.9552351e-08
       1105802.0   3.0150278e-08
       1102876.6   3.0761901e-08
       1099951.2   3.1387560e-08
       1097025.8   3.2027597e-08
       1094100.4   3.2682355e-08
       1091175.0   3.3352178e-08
       1088249.6   3.4037407e-08
       1085324.2   3.4738367e-08
       1082398.8   3.5455368e-08
       1079473.4   3.6188698e-08
       1076548.0   3.6938567e-08
       1073622.6   3.7705148e-08
       1070697.2   3.8488579e-08
       1067771.8   3.9288557e-08
       1064846.4   4.0104992e-08
       1061921.0   4.0937787e-08
       1058995.6   4.1783951e-08
       1056070.2   4.2644624e-08
       1053144.8   4.3521069e-08
       1050219.4   4.4418043e-08
       1047294.0   4.5336084e-08
       1044368.6   4.6275749e-08
       1041443.2   4.7237607e-08
       1038517.8   4.8222246e-08
       1035592.4   4.9230271e-08
       1032667.0   5.0262301e-08
       1029741.6   5.1318975e-08
       1026816.2   5.2400948e-08
       1023890.8   5.3508892e-08
       1020965.4   5.4643496e-08
       1018040.0   5.5805466e-08
       1015114.6   5.6995519e-08
       1012189.2   5.8214389e-08
       1009263.8   5.9462816e-08
       1006338.4   6.0741547e-08
       1003413.0   6.2051327e-08
       1000487.6   6.3392888e-08
       997562.16   6.4766934e-08
       994636.76   6.6174150e-08
       991711.36   6.7615091e-08
       988785.96   6.9090248e-08
       985860.56   7.0600104e-08
       982935.15   7.2144340e-08
       980009.75   7.3723002e-08
       977084.35   7.5336432e-08
       974158.95   7.6979416e-08
       971233.54   7.8654093e-08
       968308.14   8.0362496e-08
       965382.74   8.2113310e-08
       962457.34   8.3907742e-08
       959531.94   8.5747008e-08
       956606.53   8.7632358e-08
       953681.13   8.9565076e-08
       950755.73   9.1546480e-08
       947830.33   9.3577920e-08
       944904.92   9.5660774e-08
       941979.52   9.7796448e-08
       939054.12   9.9986363e-08
       936128.72   1.0223195e-07
       933203.32   1.0453464e-07
       930277.91   1.0689584e-07
       927352.51   1.0931691e-07
       924427.11   1.1179909e-07
       921501.71   1.1434352e-07
       918576.30   1.1695111e-07
       915650.90   1.1962234e-07
       912725.50   1.2235750e-07
       909800.10   1.2515585e-07
       906874.70   1.2801525e-07
       903949.29   1.3093470e-07
       901023.89   1.3390700e-07
       898098.49   1.3692149e-07
       895173.09   1.3998374e-07
       892247.68   1.4310715e-07
       889322.28   1.4631079e-07
       886396.88   1.4959695e-07
       883471.48   1.5296800e-07
       880546.08   1.5642637e-07
       877620.67   1.5997451e-07
       874695.27   1.6361496e-07
       871769.87   1.6735025e-07
       868844.47   1.7118296e-07
       865919.06   1.7511561e-07
       862993.66   1.7915072e-07
       860068.26   1.8329070e-07
       857142.86   1.8753752e-07
       854217.45   1.9189356e-07
       851292.05   1.9636005e-07
       848366.65   2.0093616e-07
       845441.25   2.0562648e-07
       842515.85   2.1043735e-07
       839590.44   2.1537814e-07
       836665.04   2.2045282e-07
       833739.64   2.2566551e-07
       830814.24   2.3102047e-07
       827888.83   2.3652210e-07
       824963.43   2.4217497e-07
       822038.03   2.4798378e-07
       819112.63   2.5395342e-07
       816187.23   2.6008893e-07
       813261.82   2.6639555e-07
       810336.42   2.7287867e-07
       807411.02   2.7954390e-07
       804485.62   2.8639703e-07
       801560.21   2.9344406e-07
       798634.81   3.0069118e-07
       795709.41   3.0814482e-07
       792784.01   3.1581160e-07
       789858.61   3.2369838e-07
       786933.20   3.3181226e-07
       784007.80   3.4016051e-07
       781082.40   3.4875068e-07
       778157.00   3.5759049e-07
       775231.59   3.6668785e-07
       772306.19   3.7605084e-07
       769380.79   3.8568770e-07
       766455.39   3.9560659e-07
       763529.99   4.0581576e-07
       760604.58   4.1632353e-07
       757679.18   4.2713659e-07
       754753.78   4.3826289e-07
       751828.38   4.4971019e-07
       748902.97   4.6147429e-07
       745977.57   4.7356965e-07
       743052.17   4.8601225e-07
       740126.77   4.9883349e-07
       737201.37   5.1204668e-07
       734275.96   5.2566572e-07
       731350.56   5.3970519e-07
       728425.16   5.5418039e-07
       725499.76   5.6910749e-07
       722574.35   5.8450361e-07
       719648.95   6.0038687e-07
       716723.55   6.1677715e-07
       713798.15   6.3369568e-07
       710872.75   6.5116471e-07
       707947.34   6.6921302e-07
       705021.94   6.8786805e-07
       702096.54   7.0715629e-07
       699171.14   7.2714366e-07
       696245.73   7.4784733e-07
       693320.33   7.6928612e-07
       690394.93   7.9143420e-07
       687469.53   8.1431756e-07
       684544.12   8.3796360e-07
       681618.72   8.6240073e-07
       678693.32   8.8765841e-07
       675767.92   9.1376708e-07
       672842.52   9.4075812e-07
       669917.11   9.6866392e-07
       666991.71   9.9751723e-07
       664066.31   1.0273515e-06
       661140.91   1.0582015e-06
       658215.50   1.0900978e-06
       655290.10   1.1230744e-06
       652364.70   1.1571685e-06
       649439.30   1.1923830e-06
       646513.90   1.2287651e-06
       643588.49   1.2663677e-06
       640663.09   1.3052877e-06
       637737.69   1.3455809e-06
       634812.29   1.3872985e-06
       631886.88   1.4304923e-06
       628961.48   1.4752147e-06
       626036.08   1.5215168e-06
       623110.68   1.5694476e-06
       620185.28   1.6190543e-06
       617259.87   1.6703735e-06
       614334.47   1.7234346e-06
       611409.07   1.7782646e-06
       608483.67   1.8348283e-06
       605558.26   1.8931019e-06
       602632.86   1.9530888e-06
       599707.46   2.0143721e-06
       596782.06   2.0769834e-06
       593856.66   2.1410794e-06
       590931.25   2.2073224e-06
       588005.85   2.2759371e-06
       585080.45   2.3470121e-06
       582155.05   2.4206362e-06
       579229.64   2.4968977e-06
       576304.24   2.5758812e-06
       573378.84   2.6576651e-06
       570453.44   2.7423214e-06
       567528.04   2.8298980e-06
       564602.63   2.9204221e-06
       561677.23   3.0139120e-06
       558751.83   3.1102549e-06
       555826.43   3.2093368e-06
       552901.02   3.3111053e-06
       549975.62   3.4146421e-06
       547050.22   3.5198059e-06
       544124.82   3.6268930e-06
       541199.41   3.7372323e-06
       538274.01   3.8514099e-06
       535348.61   3.9695237e-06
       532423.21   4.0916541e-06
       529497.81   4.2178621e-06
       526572.40   4.3481384e-06
       523647.00   4.4824362e-06
       520721.60   4.6206777e-06
       517796.20   4.7624084e-06
       514870.79   4.9073315e-06
       511945.39   5.0551559e-06
       509019.99   5.2031385e-06
       506094.59   5.3519020e-06
       503169.19   5.5021424e-06
       500243.78   5.6574960e-06
       497318.38   5.8181602e-06
       494392.98   5.9843382e-06
       491467.58   6.1562380e-06
       488542.17   6.3340708e-06
       485616.77   6.5180485e-06
       482691.37   6.7083807e-06
       479765.97   6.9052691e-06
       476840.57   7.1088997e-06
       473915.16   7.3194375e-06
       470989.76   7.5370011e-06
       468064.36   7.7616499e-06
       465138.96   7.9933831e-06
       462213.55   8.2320044e-06
       459288.15   8.4771745e-06
       456362.75   8.7284898e-06
       453437.35   8.9845327e-06
       450511.95   9.2440604e-06
       447586.54   9.5062288e-06
       444661.14   9.7634852e-06
       441735.74   1.0015577e-05
       438810.34   1.0263991e-05
       435884.93   1.0518219e-05
       432959.53   1.0780527e-05
       430034.13   1.1051227e-05
       427108.73   1.1330649e-05
       424183.33   1.1619135e-05
       421257.92   1.1917043e-05
       418332.52   1.2224747e-05
       415407.12   1.2542639e-05
       412481.72   1.2871126e-05
       409556.31   1.3210634e-05
       406630.91   1.3561607e-05
       403705.51   1.3924506e-05
       400780.11   1.4299809e-05
       397854.71   1.4688012e-05
       394929.30   1.5089623e-05
       392003.90   1.5505161e-05
       389078.50   1.5935152e-05
       386153.10   1.6380119e-05
       383227.69   1.6840576e-05
       380302.29   1.7317005e-05
       377376.89   1.7809838e-05
       374451.49   1.8319431e-05
       371526.08   1.8846003e-05
       368600.68   1.9389574e-05
       365675.28   1.9949959e-05
       362749.88   2.0526421e-05
       359824.48   2.1117686e-05
       356899.07   2.1722215e-05
       353973.67   2.2335832e-05
       351048.27   2.2953892e-05
       348122.87   2.3573124e-05
       345197.46   2.4173382e-05
       342272.06   2.4747023e-05
       339346.66   2.5298868e-05
       336421.26   2.5854017e-05
       333495.86   2.6426384e-05
       330570.45   2.7016659e-05
       327645.05   2.7625567e-05
       324719.65   2.8253870e-05
       321794.25   2.8902365e-05
       318868.84   2.9571887e-05
       315943.44   3.0263313e-05
       313018.04   3.0977563e-05
       310092.64   3.1715595e-05
       307167.24   3.2478415e-05
       304241.83   3.3267071e-05
       301316.43   3.4082650e-05
       298391.03   3.4926284e-05
       295465.63   3.5799132e-05
       292540.22   3.6702385e-05
       289614.82   3.7637241e-05
       286689.42   3.8604894e-05
       283764.02   3.9606500e-05
       280838.62   4.0643137e-05
       277913.21   4.1715738e-05
       274987.81   4.2825029e-05
       272062.41   4.3971373e-05
       269137.01   4.5154580e-05
       266211.60   4.6373859e-05
       263286.20   4.7627114e-05
       260360.80   4.8910514e-05
       257435.40   5.0219337e-05
       254510.00   5.1543304e-05
       251584.59   5.2867781e-05
       248659.19   5.4182313e-05
       245733.79   5.5442805e-05
       242808.39   5.6608057e-05
       239882.98   5.7692156e-05
       236957.58   5.8750194e-05
       234032.18   5.9841255e-05
       231106.78   6.0966805e-05
       228181.37   6.2128392e-05
       225255.97   6.3327653e-05
       222330.57   6.4566321e-05
       219405.17   6.5846229e-05
       216479.77   6.7169317e-05
       213554.36   6.8537637e-05
       210628.96   6.9953357e-05
       207703.56   7.1418772e-05
       204778.16   7.2936299e-05
       201852.75   7.4508487e-05
       198927.35   7.6138012e-05
       196001.95   7.7827670e-05
       193076.55   7.9580368e-05
       190151.15   8.1399106e-05
       187225.74   8.3286932e-05
       184300.34   8.5246899e-05
       181374.94   8.7281985e-05
       178449.54   8.9394949e-05
       175524.13   9.1588202e-05
       172598.73   9.3863547e-05
       169673.33   9.6221680e-05
       166747.93   9.8662044e-05
       163822.53   0.00010118190
       160897.12   0.00010377429
       157971.72   0.00010643003
       155046.32   0.00010913208
       152120.92   0.00011184683
       149195.51   0.00011455039
       146270.11   0.00011717684
       143344.71   0.00011959155
       140419.31   0.00012182681
       137493.91   0.00012396791
       134568.50   0.00012619125
       131643.10   0.00012850067
       128717.70   0.00013089985
       125792.30   0.00013339207
       122866.89   0.00013598004
       119941.49   0.00013866515
       117016.09   0.00014144730
       114090.69   0.00014432412
       111165.29   0.00014728770
       108239.88   0.00015032725
       105314.48   0.00015342494
       102389.08   0.00015653743
       99463.676   0.00015963427
       96538.274   0.00016265260
       93612.872   0.00016539311
       90687.470   0.00016789917
       87762.067   0.00017025727
       84836.665   0.00017272358
       81911.263   0.00017530407
       78985.861   0.00017800416
       76060.458   0.00018082818
       73135.056   0.00018377893
       70209.654   0.00018685556
       67284.252   0.00019005299
       64358.849   0.00019336086
       61433.447   0.00019675234
       58508.045   0.00020019165
       55582.643   0.00020363101
       52657.240   0.00020693747
       49731.838   0.00021001307
       46806.436   0.00021272753
       43881.034   0.00021442438
       40955.631   0.00021519999
       38030.229   0.00021519999
       35104.827   0.00021519999
       32179.425   0.00021519999
       29254.022   0.00021519999
       26328.620   0.00021519999
       23403.218   0.00021519999
       20477.816   0.00021519999
       17552.413   0.00021519999
       14627.011   0.00021519999
       11701.609   0.00021519999
       8776.2067   0.00021519999
